[154, 83]
[29, 27]
[180, 124]
[42, 24]
[45, 73]
[64, 176]
[169, 23]
[55, 64]
[39, 25]
[27, 129]
[142, 68]
[11, 141]
[80, 49]
[161, 85]
[36, 80]
[46, 67]
[129, 95]
[94, 33]
[170, 145]
[152, 151]
[126, 51]
[87, 97]
[15, 150]
[60, 179]
[132, 141]
[65, 176]
[5, 105]
[166, 135]
[101, 26]
[1, 3]
[12, 106]
[52, 5]
[176, 177]
[143, 145]
[13, 126]
[125, 7]
[38, 40]
[121, 143]
[20, 167]
[139, 94]
[117, 95]
[135, 175]
[116, 95]
[56, 48]
[33, 180]
[148, 162]
[168, 41]
[49, 145]
[145, 72]
[136, 120]
[136, 61]
[145, 109]
[49, 36]
[168, 140]
[148, 19]
[33, 1]
[56, 133]
[116, 86]
[135, 6]
[117, 86]
[139, 87]
[20, 14]
[121, 38]
[38, 141]
[125, 174]
[13, 55]
[143, 36]
[176, 4]
[52, 176]
[12, 75]
[1, 178]
[101, 155]
[166, 46]
[5, 76]
[65, 5]
[132, 40]
[60, 2]
[15, 31]
[87, 84]
[126, 130]
[152, 30]
[170, 36]
[94, 148]
[129, 86]
[46, 114]
[36, 101]
[161, 96]
[80, 132]
[11, 40]
[142, 113]
[27, 52]
[39, 156]
[55, 117]
[169, 158]
[64, 5]
[45, 108]
[42, 157]
[180, 57]
[29, 154]
[154, 98]
[None, None]
