0.825
0.660
0.950
0.672
0.035
0.966
0.632
0.316
0.780
0.820
0.296
0.722
0.831
0.565
0.661
0.510
0.764
0.912
0.935
0.575
0.077
0.413
0.499
0.116
0.682
0.476
0.286
0.981
0.142
0.183
0.301
0.884
0.430
0.708
0.008
0.008
0.755
0.983
0.033
0.693
0.438
0.085
0.076
0.035
0.397
0.000
0.685
0.238
0.845
0.978
0.218
0.363
0.715
0.644
0.577
0.946
0.354
0.477
0.607
0.044
0.980
0.642
0.531
0.349
0.782
0.218
0.014
0.182
0.933
0.981
0.347
0.491
0.404
0.867
0.713
0.698
0.124
0.197
0.209
0.071
0.903
0.801
0.871
0.174
0.951
0.484
0.867
0.940
0.071
0.150
0.365
0.796
0.726
0.636
0.519
0.265
0.094
0.696
0.455
0.065
0.133
0.339
0.763
0.131
0.654
0.550
0.499
0.863
0.525
0.991
0.854
0.731
0.269
0.380
0.082
0.987
0.260
0.878
0.933
0.548
0.883
0.111
0.532
0.707
0.554
0.147
0.588
0.973
0.330
0.744
0.980
0.545
0.128
0.104
0.832
0.115
0.213
0.621
0.369
0.036
0.509
0.571
0.659
0.133
0.034
0.057
0.965
0.553
0.424
0.454
0.111
0.141
0.002
0.376
0.985
0.421
0.024
0.986
0.510
0.692
0.729
0.500
0.379
0.669
0.081
0.220
0.127
0.236
0.310
0.483
0.131
0.090
0.019
0.147
0.483
0.601
0.358
0.811
0.571
0.234
0.458
0.622
0.477
0.419
0.393
0.930
0.637
0.095
0.557
0.111
0.339
0.976
0.423
0.990
0.071
0.111
0.648
0.602
0.661
0.178
0.687
0.466
0.972
0.380
0.104
0.325
0.719
0.342
0.993
0.210
0.291
0.043
0.109
0.370
0.843
0.377
0.349
0.486
0.354
0.528
0.864
0.028
0.343
0.926
0.049
0.077
0.990
0.975
0.077
0.304
0.041
0.822
0.508
0.357
0.566
0.654
0.806
0.494
0.187
0.344
0.052
0.484
0.789
0.269
0.300
0.777
0.396
0.774
0.387
0.611
0.919
0.510
0.452
0.333
0.993
0.135
0.803
0.178
0.011
0.042
0.713
0.285
0.593
0.946
0.379
0.238
0.398
0.276
0.568
0.502
0.854
0.009
0.385
0.329
0.688
0.028
0.934
0.666
0.680
0.814
0.580
0.930
0.651
0.366
0.634
0.216
0.500
0.294
0.263
0.417
0.230
0.183
0.584
0.815
0.600
0.933
0.910
0.250
0.967
0.261
0.123
0.081
0.215
0.632
0.136
0.848
0.213
0.243
0.111
0.507
0.293
0.654
0.809
0.432
0.566
0.714
0.704
0.160
0.775
0.788
0.765
0.322
0.109
0.996
0.693
0.389
0.728
0.535
0.503
0.839
0.919
0.629
0.711
0.323
0.131
0.315
0.813
0.964
0.386
0.970
0.280
0.291
0.145
0.694
0.327
0.860
0.390
0.848
0.077
0.051
0.344
0.130
0.823
0.091
0.089
0.326
0.072
0.021
0.009
0.870
0.117
0.691
0.964
0.111
0.109
0.188
0.302
0.890
0.279
0.240
0.937
0.015
0.569
0.038
0.717
0.266
0.007
0.752
0.287
0.284
0.200
0.852
0.008
0.306
0.333
0.701
0.576
0.761
0.432
0.619
0.108
0.990
0.153
0.876
0.367
0.615
0.810
0.046
0.630
0.047
0.949
0.810
0.136
0.314
0.271
0.963
0.827
0.734
0.397
0.580
0.942
0.514
0.462
0.545
0.625
0.962
0.902
0.542
0.369
0.411
0.557
0.521
0.839
0.507
0.882
0.736
0.790
0.961
0.797
0.951
0.274
0.977
0.881
0.136
0.384
0.529
0.938
0.013
0.944
0.676
0.605
0.488
0.706
0.122
0.650
0.868
0.344
0.330
0.452
0.125
0.999
0.517
0.806
0.472
0.569
0.546
0.851
0.860
0.472
0.925
0.838
0.334
0.388
0.193
0.844
0.458
0.822
0.984
0.924
0.861
0.711
0.159
0.790
0.073
0.472
0.038
0.313
0.094
0.458
0.908
0.348
0.887
0.511
0.342
0.313
0.063
0.921
0.051
0.534
0.366
0.850
0.562
0.259
0.035
0.202
0.279
0.457
0.321
0.206
0.520
0.885
0.268
0.253
0.682
0.668
0.206
0.288
0.261
0.538
0.468
0.650
0.669
0.816
0.301
0.441
0.110
0.582
0.404
0.510
0.611
0.844
0.425
0.244
0.138
0.758
0.360
0.719
0.019
0.926
0.867
0.001
0.900
0.136
0.728
0.625
0.983
0.127
0.412
0.550
0.999
0.323
0.637
0.661
0.960
0.437
0.855
0.481
0.880
0.941
0.397
0.004
0.039
0.319
0.247
0.406
0.912
0.654
0.527
0.901
0.261
0.204
0.115
0.279
0.515
0.304
0.029
0.862
0.123
0.339
0.713
0.727
0.177
0.951
0.870
0.805
0.653
0.259
0.833
0.581
0.922
0.981
0.721
0.137
0.589
0.838
0.375
0.579
0.112
0.957
0.184
0.776
0.696
0.429
0.394
0.146
0.389
0.124
0.633
0.970
0.729
0.831
0.024
0.800
0.167
0.666
0.175
0.417
0.905
0.240
0.359
0.001
0.318
0.247
0.705
0.094
0.972
0.556
0.268
0.537
0.878
0.865
0.269
0.147
0.295
0.250
0.875
0.003
0.874
0.558
0.017
0.431
0.885
0.322
0.524
0.161
0.498
0.385
0.083
0.070
0.482
0.336
0.695
0.241
0.121
0.305
0.111
0.456
0.542
0.789
0.784
0.132
0.012
0.361
0.287
0.829
0.123
0.079
0.915
0.015
0.863
0.747
0.611
0.689
0.526
0.985
0.655
0.611
0.534
0.573
0.819
0.863
0.219
0.145
0.327
0.750
0.242
0.259
0.508
0.913
0.384
0.921
0.320
0.958
0.120
0.113
0.232
0.079
0.689
0.739
0.130
0.379
0.302
0.775
0.223
0.805
0.842
0.004
0.201
0.932
0.277
0.933
0.797
0.706
0.740
0.476
0.589
0.440
0.370
0.230
0.302
0.926
0.151
0.397
0.259
0.911
0.330
0.874
0.349
0.785
0.522
0.518
0.891
0.452
0.922
0.180
0.973
0.186
0.404
0.428
0.390
0.692
0.254
0.825
0.851
0.731
0.225
0.427
0.468
0.565
0.606
0.242
0.350
0.699
0.852
0.980
0.399
0.311
0.019
0.323
0.795
0.726
0.680
0.497
0.100
0.167
0.199
0.686
0.362
0.910
0.688
0.327
0.672
0.354
0.485
0.913
0.930
0.110
0.979
0.998
0.825
0.822
0.770
0.515
0.511
0.444
0.027
0.862
0.374
0.986
0.773
0.735
0.311
0.374
0.017
0.901
0.044
0.183
0.653
0.782
0.055
0.824
0.976
0.973
0.861
0.203
0.407
0.801
0.138
0.484
0.874
0.929
0.255
0.810
0.306
0.922
0.896
0.530
0.820
0.523
0.906
0.873
0.004
0.199
0.086
0.483
0.420
0.179
0.685
0.523
0.620
0.193
0.974
0.024
0.332
0.190
0.559
0.463
0.649
0.421
0.210
0.337
0.599
0.064
0.561
0.314
0.011
0.516
0.126
0.915
0.261
0.136
0.440
0.613
0.813
0.236
0.773
0.147
0.369
0.726
0.203
0.258
0.822
0.070
0.932
0.898
0.553
0.471
0.796
0.058
0.423
0.833
0.019
0.371
0.697
0.513
0.725
0.417
0.345
0.665
0.559
0.510
0.984
0.507
0.955
0.387
0.597
0.041
0.695
0.843
0.652
0.572
0.691
0.952
0.981
0.500
0.584
0.705
0.612
0.713
0.850
0.663
0.707
0.907
0.244
0.954
0.172
0.198
0.837
0.124
0.722
0.187
0.042
0.982
0.774
0.559
0.260
0.312
0.065
0.504
0.616
0.468
0.644
0.947
0.124
0.511
0.186
0.323
0.152
0.639
0.617
0.977
0.438
0.638
0.434
0.452
0.793
0.434
0.349
0.497
0.176
0.584
0.311
0.718
0.761
0.838
0.319
0.397
0.456
0.724
0.009
0.686
0.616
0.536
0.446
0.660
0.870
0.317
0.264
0.579
0.990
0.888
0.366
0.315
0.879
0.911
0.837
0.073
0.523
0.564
0.333
0.738
0.586
0.314
0.116
0.208
0.842
0.252
0.538
0.627
0.778
0.547
0.040
0.649
0.971
0.405
0.151
0.035
0.564
0.382
0.617
0.659
0.933
0.601
0.845
0.764
0.759
0.245
0.133
0.666
0.811
0.313
0.475
0.631
0.544
0.245
0.893
0.616
0.051
0.050
0.533
0.654
0.769
0.180
0.114
0.113
0.829
0.342
0.283
0.583
0.449
0.150
0.998
0.246
0.193
0.329
0.943
0.332
0.076
0.924
0.051
0.743
0.009
0.084
0.165
0.560
0.414
0.711
0.536
0.326
0.057
0.338
0.420
0.424
0.242
0.340
0.140
0.033
0.300
0.053
0.389
0.727
0.017
0.549
0.235
0.191
0.592
0.138
0.616
0.773
0.822
0.801
0.849
0.447
0.360
0.930
0.543
0.294
0.147
0.542
0.076
0.519
0.123
0.692
0.289
0.800
0.596
0.630
0.086
0.254
0.633
0.282
0.473
0.592
0.293
0.335
0.462
0.037
0.095
0.036
0.376
0.615
0.177
0.362
0.927
0.610
0.934
0.791
0.140
0.522
0.579
0.783
0.428
0.137
0.383
0.933
0.384
0.369
0.686
0.600
0.435
0.268
0.416
0.261
0.332
0.256
0.420
0.300
0.774
0.321
0.144
0.960
0.594
0.001
0.685
0.905
0.882
0.621
0.095
0.829
0.368
0.479
0.541
0.713
0.759
0.598
0.157
0.845
0.429
0.642
0.234
0.811
0.418
0.334
0.683
0.334
0.732
0.515
0.771
0.103
0.794
0.660
0.588
0.175
0.317
0.664
0.542
0.271
0.318
0.696
0.120
0.052
0.322
0.608
0.485
0.184
0.912
0.166
0.251
0.820
0.919
0.443
0.208
0.288
0.762
0.803
0.256
0.901
0.825
0.624
0.103
0.754
0.567
0.395
0.111
0.982
0.978
0.056
0.867
0.001
0.484
0.732
0.430
0.518
0.731
0.048
0.112
0.537
0.345
0.496
0.828
0.767
0.722
0.142
0.290
0.160
0.438
0.648
0.562
0.533
0.206
0.015
0.848
0.848
0.225
0.576
0.664
0.414
0.481
0.469
0.098
0.367
0.804
0.374
0.192
0.682
0.731
0.834
0.437
0.107
0.235
0.961
0.261
0.078
0.094
0.759
0.568
0.689
0.012
0.480
0.001
0.945
0.664
0.853
0.187
0.324
0.952
0.603
0.807
0.684
0.294
0.029
0.252
0.955
0.939
0.254
0.941
0.366
0.251
0.224
0.289
0.971
0.908
0.623
0.941
0.983
0.597
0.900
0.647
0.343
0.395
0.273
0.840
0.446
0.525
0.075
0.565
0.752
0.111
0.658
0.346
0.084
0.628
0.139
0.252
0.215
0.435
0.567
0.065
0.309
0.512
0.983
0.929
0.451
0.056
0.906
0.680
0.207
0.911
0.963
0.565
0.813
0.824
0.570
0.191
0.478
0.685
0.723
0.449
0.209
0.036
0.724
0.794
0.900
0.214
0.982
0.010
0.603
0.412
0.663
0.817
0.072
0.791
0.315
0.200
0.535
0.575
0.353
0.374
0.796
0.943
0.334
0.755
0.533
0.613
0.908
0.754
0.563
0.730
0.636
0.472
0.231
0.672
0.323
0.418
0.346
0.706
0.218
0.903
0.675
0.117
0.626
0.848
0.146
0.071
0.100
0.278
0.138
0.200
0.032
0.847
0.549
0.111
0.184
0.695
0.411
0.976
0.666
0.594
0.595
0.994
0.998
0.805
0.048
0.035
0.823
0.940
0.317
0.604
0.664
0.269
0.760
0.195
0.675
0.142
0.827
0.761
0.818
0.207
0.719
0.375
0.986
0.204
0.182
0.391
0.942
0.470
0.057
0.805
0.035
0.258
0.693
0.328
0.299
0.737
0.275
0.509
0.799
0.354
0.505
0.394
0.417
0.895
0.747
0.635
0.696
0.529
0.245
0.500
0.354
0.767
0.946
0.873
0.031
0.918
0.251
0.799
0.350
0.071
0.081
0.160
0.370
0.997
0.468
0.967
0.193
0.170
0.769
0.034
0.300
0.675
0.346
0.542
0.609
0.367
0.803
0.457
0.124
0.485
0.075
0.202
0.730
0.112
0.949
0.985
0.716
0.224
0.204
0.098
0.950
0.754
0.742
0.417
0.102
0.566
0.035
0.365
0.399
0.034
0.862
0.066
0.710
0.193
0.361
0.361
0.915
0.199
0.267
0.296
0.713
0.975
0.651
0.376
0.633
0.966
0.484
0.280
0.160
0.934
0.316
0.934
0.505
0.842
0.221
0.831
0.808
0.575
0.675
0.673
0.985
0.992
0.582
0.427
0.692
0.753
0.742
0.390
0.089
0.792
0.813
0.796
0.887
0.875
0.553
0.587
0.574
0.188
0.859
0.930
0.748
0.816
0.726
0.111
0.041
0.848
0.625
0.167
0.330
0.485
0.969
0.775
0.075
0.594
0.013
0.973
0.630
0.313
0.218
0.086
0.488
0.684
0.974
0.741
0.851
0.055
0.979
0.496
0.103
0.741
0.510
0.327
0.714
0.446
0.078
0.152
0.648
0.257
0.581
0.424
0.700
0.380
0.676
0.369
0.320
0.132
0.951
0.333
0.094
0.119
0.700
0.142
0.921
0.943
0.066
0.582
0.700
0.556
0.993
0.090
0.679
0.522
0.688
0.733
0.817
0.854
0.684
0.345
0.837
0.029
0.273
0.332
0.619
0.816
0.347
0.967
0.038
0.467
0.214
0.866
0.923
0.904
0.398
0.505
0.390
0.878
0.348
0.899
0.787
0.587
0.267
0.846
0.222
0.725
0.245
0.263
0.433
0.672
0.760
0.846
0.237
0.411
0.602
0.439
0.978
0.376
0.431
0.457
0.633
0.539
0.225
0.144
0.309
0.627
0.929
0.593
0.910
0.606
0.543
0.577
0.199
0.638
0.614
0.681
0.589
0.752
0.110
0.607
0.948
0.143
0.712
0.462
0.470
0.148
0.493
0.069
0.810
0.661
0.819
0.894
0.198
0.095
0.884
0.711
0.084
0.314
0.861
0.104
0.602
0.524
0.869
0.015
0.603
0.837
0.936
0.277
0.507
0.697
0.270
0.562
0.188
0.643
0.229
0.598
0.940
0.286
0.917
0.662
0.762
0.157
0.547
0.099
0.547
0.287
0.555
0.037
0.066
0.903
0.330
0.141
0.135
0.156
0.079
0.269
0.257
0.036
0.384
0.876
0.474
0.049
0.306
0.411
0.655
0.532
0.123
0.220
0.183
0.742
0.254
0.473
0.662
0.406
0.487
0.865
0.583
0.762
0.120
0.375
0.319
0.988
0.225
0.426
0.859
0.994
0.905
0.693
0.901
0.939
0.287
0.991
0.531
0.210
0.671
0.982
0.298
0.014
0.192
0.794
0.050
0.461
0.625
0.917
0.557
0.423
0.143
0.005
0.452
0.005
0.787
0.010
0.463
0.259
0.875
0.277
0.177
0.071
0.214
0.851
0.271
0.084
0.463
0.983
0.594
0.459
0.378
0.675
0.484
0.851
0.031
0.323
0.768
0.902
0.834
0.543
0.110
0.254
0.453
0.338
0.813
0.347
0.905
0.903
0.711
0.461
0.722
0.160
0.207
0.720
0.589
0.047
0.280
0.578
0.859
0.002
0.622
0.091
0.296
0.218
0.063
0.337
0.651
0.660
0.506
0.339
0.759
0.668
0.941
0.239
0.785
0.055
0.784
0.109
0.442
0.434
0.051
0.663
0.018
0.662
0.381
0.705
0.989
0.377
0.248
0.578
0.765
0.260
0.897
0.807
0.800
0.968
0.187
0.898
0.129
0.424
0.322
0.545
0.474
0.483
0.663
0.800
0.842
0.588
0.690
0.895
0.287
0.646
0.056
0.539
0.123
0.795
0.549
0.262
0.553
0.912
0.119
0.777
0.634
0.692
0.622
0.854
0.670
0.176
0.646
0.318
0.217
0.827
0.069
0.776
0.733
0.343
0.185
0.691
0.934
0.410
0.525
0.755
0.192
0.044
0.154
0.759
0.149
0.400
0.357
0.357
0.811
0.736
0.930
0.738
0.532
0.643
0.775
0.216
0.240
0.389
0.223
0.554
0.540
0.266
0.920
0.670
0.533
0.746
0.853
0.420
0.122
0.816
0.700
0.097
0.918
0.344
0.431
0.353
0.038
0.627
0.723
0.426
0.131
0.666
0.081
0.692
0.596
0.317
0.394
0.840
0.391
0.415
0.539
0.782
0.040
0.888
0.611
0.748
0.128
0.445
0.866
0.427
0.975
0.495
0.470
0.206
0.243
0.341
0.746
0.950
0.887
0.133
0.768
0.754
0.687
0.998
0.011
0.385
0.518
0.706
0.619
0.167
0.811
0.206
0.811
0.362
0.405
0.535
0.710
0.733
0.262
0.252
0.391
0.825
0.428
0.262
0.285
0.932
0.867
0.192
0.011
0.846
0.093
0.030
0.045
0.312
0.538
0.966
0.383
0.181
0.806
0.914
0.576
0.010
0.747
0.090
0.306
0.950
0.451
0.413
0.566
0.261
0.783
0.279
0.516
0.574
0.049
0.338
0.177
0.609
0.561
0.086
0.922
0.584
0.703
0.933
0.819
0.731
0.494
0.309
0.945
0.181
0.676
0.104
0.255
0.902
0.928
0.171
0.936
0.904
0.255
0.040
0.245
0.099
0.395
0.796
0.431
0.817
0.125
0.100
0.793
0.483
0.409
0.636
0.955
0.527
0.020
0.856
0.312
0.522
0.652
0.844
0.602
0.012
0.109
0.132
0.758
0.611
0.389
0.152
0.744
0.363
0.580
0.658
0.125
0.436
0.869
0.589
0.965
0.282
0.345
0.213
0.284
0.789
0.032
0.948
0.271
0.188
0.867
0.295
0.132
0.283
0.441
0.030
0.456
0.422
0.093
0.574
0.695
0.723
0.917
0.703
0.718
0.923
0.245
0.445
0.068
0.733
0.397
0.635
0.008
0.741
0.147
0.642
0.685
0.787
0.866
0.378
0.414
0.962
0.820
0.382
0.671
0.476
0.723
0.818
0.702
0.013
0.611
0.162
0.315
0.729
0.619
0.721
0.065
0.942
0.153
0.777
0.536
0.547
0.004
0.565
0.568
0.768
0.620
0.755
0.542
0.602
0.647
0.008
0.807
0.762
0.296
0.258
0.455
0.363
0.593
0.129
0.543
0.888
0.667
0.519
0.116
0.133
0.438
0.839
0.066
0.490
0.029
0.256
0.860
0.371
0.950
0.370
0.330
0.538
0.875
0.850
0.700
0.413
0.949
0.468
0.638
0.808
0.337
0.603
0.427
0.715
0.577
0.206
0.091
0.140
0.057
0.925
0.234
0.145
0.102
0.529
0.408
0.160
0.281
0.456
0.730
0.537
0.943
0.608
0.109
0.200
0.219
0.229
0.592
0.832
0.791
0.933
0.843
0.228
0.613
0.526
0.871
0.119
0.079
0.011
0.192
0.662
0.443
0.410
0.150
0.372
0.288
0.847
0.773
0.060
0.303
0.590
0.995
0.719
0.721
0.215
0.623
0.967
0.118
0.575
0.908
0.752
0.733
0.425
0.546
0.655
0.224
0.585
0.424
0.992
0.378
0.930
0.493
0.236
0.134
0.801
0.270
0.929
0.337
0.956
0.084
0.829
0.106
0.328
0.976
0.904
0.754
0.646
0.963
0.343
0.437
0.687
0.246
0.949
0.948
0.008
0.529
0.380
0.280
0.609
0.415
0.167
0.901
0.715
0.181
0.832
0.429
0.006
0.153
0.630
0.802
0.529
0.255
0.751
0.685
0.130
0.433
0.298
0.799
0.193
0.833
0.217
0.786
0.969
0.583
0.920
0.081
0.758
0.932
0.734
0.791
0.870
0.352
0.625
0.808
0.909
0.231
0.460
0.770
0.743
0.936
0.020
0.625
0.830
0.435
0.871
0.082
0.932
0.036
0.399
0.533
0.652
0.064
0.897
0.912
0.007
0.518
0.382
0.417
0.211
0.095
0.876
0.118
0.531
0.616
0.039
0.823
0.952
0.032
0.553
0.925
0.501
0.530
0.913
0.002
0.819
0.508
0.132
0.678
0.682
0.667
0.545
0.868
0.845
0.185
0.123
0.724
0.868
0.436
0.607
0.732
0.436
0.972
0.149
0.766
0.719
0.431
0.688
0.949
0.296
0.031
0.522
0.896
0.235
0.726
0.963
0.429
0.182
0.215
0.211
0.328
0.448
0.634
0.967
0.369
0.774
0.682
0.616
0.919
0.346
0.250
0.745
0.057
0.502
0.539
0.542
0.103
0.147
0.331
0.165
0.275
0.982
0.400
0.319
0.973
0.920
0.010
0.383
0.444
0.800
0.907
0.004
0.172
0.371
0.044
0.132
0.440
0.547
0.346
0.403
0.847
0.100
0.519
0.909
0.581
0.945
0.675
0.248
0.748
0.913
0.705
0.436
0.822
0.816
0.380
0.114
0.521
0.361
0.541
0.615
0.261
0.136
0.276
0.278
0.886
0.006
0.650
0.237
0.102
0.834
0.951
0.969
0.608
0.764
0.054
0.626
0.600
0.085
0.340
0.676
0.372
0.698
0.027
0.723
0.362
0.206
0.436
0.023
0.615
0.155
0.293
0.835
0.687
0.597
0.985
0.734
0.550
0.028
0.973
0.458
0.463
0.888
0.585
0.438
0.375
0.816
0.132
0.159
0.888
0.176
0.278
0.964
0.562
0.754
0.861
0.253
0.469
0.017
0.601
0.111
0.003
0.469
0.118
0.009
0.362
0.754
0.788
0.654
0.523
0.758
0.166
0.732
0.735
0.001
0.654
0.380
0.479
0.227
0.999
0.071
0.846
0.396
0.292
0.598
0.522
0.383
0.143
0.680
0.323
0.617
0.698
0.330
0.889
0.564
0.782
0.503
0.803
0.883
0.075
0.309
0.203
0.611
0.733
0.174
0.594
0.968
0.354
0.599
0.047
0.302
0.506
0.236
0.686
0.182
0.168
0.718
0.069
0.938
0.037
0.114
0.366
0.022
0.866
0.425
0.812
0.212
0.716
0.429
0.939
0.966
0.703
0.676
0.757
0.638
0.645
0.039
0.781
0.888
0.117
0.311
0.936
0.159
0.141
0.963
0.500
0.591
0.373
0.733
0.118
0.443
0.357
0.586
0.087
0.403
0.711
0.627
0.136
0.339
0.383
0.103
0.556
0.310
0.510
0.916
0.634
0.715
0.824
0.987
0.305
0.438
0.643
0.159
0.997
0.495
0.081
0.089
0.629
0.577
0.345
0.286
0.204
0.092
0.362
0.067
0.562
0.177
0.033
0.548
0.627
0.153
0.939
0.849
0.546
0.917
0.802
0.860
0.391
0.037
0.400
0.327
0.083
0.272
0.372
0.528
0.895
0.062
0.988
0.560
0.833
0.325
0.944
0.420
0.669
0.677
0.108
0.322
0.045
0.000
0.260
0.922
0.557
0.994
0.966
0.650
0.895
0.339
0.251
0.396
0.147
0.048
0.512
0.366
0.937
0.183
0.547
0.799
0.020
0.799
0.790
0.941
0.371
0.252
0.396
0.975
0.936
0.408
0.233
0.147
0.042
0.907
0.036
0.735
0.453
0.680
0.194
0.883
0.315
0.722
0.835
0.980
0.224
0.021
0.770
0.846
0.497
0.402
0.349
0.890
0.666
0.305
0.666
0.340
0.541
0.617
0.337
0.493
0.040
0.007
0.653
0.193
0.788
0.382
0.035
0.506
0.267
0.892
0.904
0.668
0.511
0.024
0.329
0.940
0.055
0.120
0.425
0.387
0.934
0.073
0.739
0.596
0.209
0.158
0.480
0.583
0.879
0.382
0.569
0.942
0.561
0.508
0.580
0.610
0.411
0.085
0.388
0.964
0.022
0.311
0.982
0.372
0.923
0.465
0.283
0.411
0.481
0.507
0.715
0.586
0.931
0.694
0.082
0.479
0.495
0.626
0.349
0.218
0.363
0.639
0.633
0.383
0.939
0.814
0.572
0.933
0.208
0.251
0.644
0.912
0.523
0.548
0.004
0.609
0.502
0.954
0.405
0.316
0.240
0.669
0.746
0.034
0.942
0.601
0.420
0.495
0.736
0.228
0.640
0.163
0.888
0.627
0.357
0.456
0.873
0.538
0.648
0.677
0.442
0.006
0.764
0.748
0.437
0.813
0.868
0.329
0.684
0.047
0.940
0.781
0.737
0.382
0.672
0.231
0.513
0.980
0.255
0.714
0.945
0.296
0.881
0.278
0.901
0.288
0.731
0.551
0.220
0.573
0.237
0.955
0.757
0.298
0.122
0.941
0.952
0.275
0.786
0.102
0.343
0.703
0.522
0.814
0.802
0.166
0.497
0.090
0.314
0.355
0.272
0.176
0.883
0.032
0.876
0.537
0.736
0.134
0.646
0.873
0.097
0.906
0.077
0.872
0.437
0.704
0.091
0.921
0.853
0.698
0.343
0.099
0.235
0.977
0.127
0.014
0.742
0.352
0.733
0.125
0.203
0.205
0.022
0.677
0.078
0.394
0.093
0.875
0.690
0.189
0.229
0.217
0.046
0.561
0.592
0.830
0.580
0.174
0.899
0.722
0.883
0.384
0.071
0.609
0.491
0.806
0.188
0.409
0.895
0.555
0.691
0.471
0.288
0.943
0.237
0.170
0.004
0.307
0.920
0.068
0.133
0.600
0.639
0.015
0.292
0.966
0.002
0.577
0.412
0.971
0.261
0.189
0.228
0.719
0.757
0.338
0.133
0.954
0.657
0.308
0.927
0.442
0.008
0.191
0.079
0.865
0.754
0.457
0.980
0.192
0.138
0.060
0.502
0.168
0.428
0.406
0.804
0.210
0.369
0.696
0.733
0.471
0.533
0.451
0.646
0.975
0.733
0.671
0.349
0.171
0.929
0.231
0.825
0.952
0.085
0.168
0.420
0.706
0.162
0.598
0.673
0.127
0.792
0.809
0.343
0.817
0.744
0.213
0.105
0.815
0.078
0.675
0.005
0.865
0.771
0.257
0.603
0.813
0.532
0.422
0.573
0.042
0.845
0.265
0.132
0.970
0.664
0.783
0.987
0.774
0.134
0.782
0.950
0.222
0.527
0.780
0.016
0.094
0.652
0.473
0.107
0.041
0.028
0.850
0.276
0.666
0.739
0.211
0.140
0.526
0.201
0.271
0.641
0.261
0.529
0.135
0.589
0.944
0.807
0.977
0.083
0.866
0.214
0.610
0.783
0.592
0.339
0.413
0.496
0.866
0.031
0.175
0.526
0.247
0.793
0.936
0.390
0.698
0.500
0.365
0.216
0.492
0.165
0.777
0.690
0.914
0.561
0.969
0.632
0.785
0.926
0.968
0.779
0.720
0.788
0.102
0.416
0.582
0.105
0.131
0.307
0.120
0.206
0.219
0.687
0.362
0.785
0.255
0.139
0.627
0.633
0.587
0.458
0.723
0.935
0.972
0.598
0.914
0.137
0.248
0.308
0.509
0.075
0.835
0.730
0.714
0.760
0.370
0.601
0.322
0.147
0.318
0.504
0.961
0.935
0.363
0.314
0.063
0.115
0.304
0.494
0.387
0.252
0.184
0.769
0.119
0.779
0.402
0.390
0.812
0.332
0.827
0.599
0.478
0.960
0.439
0.416
0.167
0.676
0.891
0.185
0.317
0.876
0.795
0.088
0.305
0.740
0.152
0.187
0.884
0.971
0.063
0.010
0.847
0.801
0.618
0.106
0.287
0.348
0.388
0.075
0.459
0.679
0.056
0.632
0.951
0.789
0.957
0.446
0.204
0.621
0.118
0.534
0.232
0.884
0.539
0.766
0.466
0.002
0.296
0.114
0.493
0.631
0.534
0.954
0.441
0.006
0.018
0.531
0.062
0.972
0.068
0.682
0.244
0.136
0.666
0.192
0.084
0.879
0.301
0.720
0.643
0.560
0.675
0.926
0.099
0.293
0.552
0.990
0.083
0.295
0.279
0.996
0.498
0.083
0.607
0.915
0.314
0.155
0.095
0.021
0.866
0.459
0.793
0.438
0.239
0.023
0.317
0.339
0.218
0.590
0.268
0.998
0.463
0.916
0.262
0.274
0.610
0.346
0.846
0.391
0.176
0.745
0.173
0.490
0.806
0.704
0.941
0.589
0.750
0.971
0.370
0.581
0.023
0.918
0.556
0.119
0.274
0.333
0.124
0.159
0.886
0.551
0.872
0.094
0.972
0.610
0.433
0.199
0.236
0.404
0.289
0.107
0.519
0.386
0.808
0.886
0.013
0.254
0.169
0.857
0.560
0.789
0.352
0.817
0.239
0.167
0.682
0.809
0.483
0.781
0.659
0.906
0.840
0.099
0.652
0.297
0.599
0.149
0.202
0.579
0.787
0.565
0.080
0.694
0.431
0.724
0.205
0.985
0.364
0.190
0.552
0.951
0.760
0.935
0.335
0.809
0.856
0.271
0.686
0.863
0.385
0.004
0.411
0.048
0.731
0.191
0.238
0.876
0.252
0.436
0.367
0.270
0.647
0.577
0.928
0.024
0.211
0.153
0.689
0.129
0.337
0.806
0.823
0.807
0.157
0.901
0.089
0.464
0.769
0.652
0.127
0.957
0.909
0.416
0.166
0.378
0.395
0.768
0.473
0.444
0.964
0.611
0.630
0.431
0.375
0.514
0.227
0.261
0.883
0.888
0.334
0.129
0.109
0.111
0.830
0.752
0.623
0.241
0.536
0.398
0.216
0.471
0.006
0.240
0.741
0.757
0.429
0.651
0.590
0.904
0.127
0.883
0.526
0.337
0.762
0.942
0.754
0.644
0.556
0.356
0.979
0.714
0.781
0.640
0.844
0.111
0.851
0.465
0.831
0.434
0.515
0.205
0.719
0.453
0.429
0.042
0.951
0.650
0.516
0.644
0.579
0.604
0.098
0.967
0.151
0.736
0.022
0.999
0.868
0.027
0.446
0.006
0.848
0.697
0.456
0.084
0.208
0.455
0.401
0.429
0.092
0.818
0.353
0.603
0.558
0.535
0.099
0.982
0.351
0.961
0.526
0.849
0.906
0.038
0.822
0.801
0.827
0.550
0.587
0.117
0.601
0.937
0.511
0.715
0.059
0.714
0.601
0.150
0.854
0.295
0.509
0.691
0.301
0.846
0.948
0.841
0.653
0.268
0.198
0.357
0.160
0.498
0.678
0.860
0.051
0.418
0.412
0.597
0.193
0.624
0.972
0.335
0.878
0.460
0.170
0.897
0.933
0.751
0.147
0.906
0.905
0.379
0.779
0.167
0.092
0.163
0.440
0.182
0.134
0.057
0.216
0.021
0.232
0.138
0.768
0.907
0.986
0.080
0.588
0.847
0.581
0.479
0.522
0.897
0.499
0.670
0.125
0.953
0.687
0.388
0.906
0.654
0.937
0.632
0.596
0.047
0.313
0.413
0.459
0.447
0.709
0.557
0.420
0.295
0.827
0.005
0.535
0.146
0.725
0.524
0.265
0.829
0.645
0.535
0.978
0.494
0.077
0.988
0.735
0.092
0.286
0.920
0.738
0.634
0.211
0.743
0.763
0.040
0.580
0.888
0.390
0.101
0.106
0.845
0.087
0.669
0.026
0.819
0.656
0.154
0.293
0.358
0.442
0.756
0.723
0.321
0.649
0.747
0.292
0.519
0.973
0.046
0.120
0.344
0.066
0.089
0.655
0.503
0.930
0.646
0.758
0.764
0.718
0.172
0.860
0.622
0.420
0.972
0.155
0.147
0.327
0.059
0.024
0.404
0.781
0.486
0.913
0.797
0.238
0.413
0.222
0.218
0.526
0.281
0.812
0.669
0.600
0.134
0.737
0.929
0.655
0.714
0.268
0.695
0.299
0.018
0.972
0.247
0.179
0.974
0.717
0.692
0.029
0.897
0.212
0.808
0.272
0.790
0.150
0.688
0.986
0.960
0.181
0.205
0.706
0.664
0.455
0.768
0.331
0.297
0.301
0.209
0.542
0.211
0.408
0.450
0.398
0.321
0.475
0.851
0.528
0.862
0.104
0.682
0.984
0.030
0.438
0.531
0.698
0.551
0.999
0.075
0.729
0.295
0.940
0.924
0.785
0.027
0.229
0.425
0.124
0.958
0.706
0.236
0.040
0.686
0.627
0.652
0.423
0.121
0.555
0.937
0.465
0.973
0.930
0.061
0.094
0.450
0.075
0.695
0.459
0.115
0.213
0.686
0.002
0.709
0.757
0.994
0.648
0.786
0.609
0.087
0.402
0.468
0.239
0.082
0.802
0.314
0.700
0.139
0.049
0.899
0.652
0.899
0.662
0.155
0.914
0.841
0.851
0.583
0.321
0.888
0.782
0.708
0.334
0.022
0.150
0.166
0.838
0.182
0.230
0.806
0.060
0.254
0.593
0.455
0.582
0.614
0.790
0.046
0.608
0.665
0.133
0.622
0.295
0.601
0.322
0.315
0.995
0.581
0.833
0.067
0.207
0.215
0.526
0.292
0.681
0.060
0.623
0.328
0.727
0.196
0.272
0.083
0.167
0.633
0.943
0.576
0.720
0.433
0.257
0.302
0.344
0.112
0.811
0.699
0.397
0.726
0.832
0.270
0.500
0.606
0.749
0.507
0.333
0.594
0.248
0.043
0.039
0.629
0.108
0.256
0.077
0.334
0.744
0.014
0.112
0.477
0.748
0.010
0.442
0.730
0.557
0.298
0.239
0.498
0.752
0.805
0.123
0.819
0.955
0.695
0.515
0.757
0.083
0.950
0.767
0.265
0.452
0.171
0.765
0.638
0.089
0.339
0.955
0.431
0.613
0.730
0.283
0.731
0.381
0.326
0.133
0.531
0.472
0.089
0.343
0.712
0.383
0.801
0.393
0.836
0.859
0.303
0.769
0.661
0.981
0.074
0.646
0.826
0.752
0.085
0.843
0.740
0.383
0.370
0.020
0.038
0.744
0.962
0.384
0.273
0.345
0.842
0.274
0.651
0.990
0.239
0.847
0.348
0.865
0.593
0.274
0.686
0.582
0.400
0.685
0.034
0.720
0.722
0.963
0.240
0.999
0.590
0.316
0.952
0.106
0.001
0.865
0.015
0.404
0.683
0.242
0.905
0.065
0.184
0.385
0.356
0.250
0.602
0.545
0.261
0.388
0.879
0.746
0.324
0.942
0.403
0.195
0.714
0.095
0.274
0.198
0.268
0.369
0.754
0.990
0.055
0.134
0.466
0.234
0.299
0.148
0.461
0.689
0.948
0.601
0.035
0.812
0.035
0.046
0.628
0.154
0.261
0.010
0.986
0.877
0.422
0.426
0.783
0.531
0.058
0.682
0.088
0.541
0.226
0.652
0.503
0.460
0.973
0.036
0.585
0.703
0.024
0.521
0.863
0.954
0.423
0.018
0.654
0.109
0.698
0.310
0.973
0.289
0.066
0.210
0.283
0.861
0.573
0.480
0.130
0.184
0.262
0.213
0.062
0.680
0.788
0.314
0.103
0.393
0.772
0.683
0.421
0.394
0.075
0.538
0.407
0.384
0.797
0.796
0.679
0.579
0.032
0.555
0.509
0.313
0.013
0.727
0.196
0.696
0.877
0.461
0.838
0.299
0.281
0.761
0.340
0.410
0.678
0.641
0.071
0.084
0.188
0.968
0.774
0.633
0.646
0.462
0.792
0.416
0.853
0.041
0.301
0.601
0.813
0.222
0.976
0.588
0.375
0.671
0.726
0.800
0.754
0.238
0.281
0.776
0.450
0.722
0.864
0.241
0.263
0.081
0.773
0.242
0.947
0.661
0.936
0.738
0.770
0.069
0.964
0.033
0.430
0.591
0.776
0.235
0.168
0.367
0.394
0.175
0.571
0.726
0.101
0.425
0.065
0.167
0.170
0.297
0.518
0.902
0.437
0.964
0.346
0.742
0.351
0.156
0.079
0.708
0.019
0.404
0.167
0.139
0.699
0.087
0.668
0.164
0.712
0.976
0.678
0.798
0.416
0.006
0.556
0.754
0.192
0.366
0.322
0.688
0.338
0.055
0.300
0.730
0.744
0.029
0.339
0.583
0.611
0.360
0.319
0.827
0.279
0.713
0.685
0.154
0.790
0.229
0.006
0.934
0.364
0.000
0.534
0.723
0.312
0.264
0.862
0.301
0.529
0.333
0.384
0.872
0.139
0.012
0.058
0.081
0.893
0.954
0.044
0.064
0.102
0.996
0.751
0.276
0.938
0.441
0.342
0.985
0.211
0.700
0.079
0.334
0.998
0.913
0.747
0.664
0.743
0.352
0.861
0.254
0.106
0.630
0.210
0.083
0.614
0.020
0.293
0.536
0.435
0.013
0.244
0.559
0.755
0.340
0.668
0.797
0.835
0.081
0.551
0.092
0.081
0.340
0.876
0.099
0.697
0.202
0.853
0.614
0.868
0.315
0.251
0.084
0.733
0.011
0.625
0.440
0.603
0.079
0.455
0.845
0.279
0.896
0.415
0.435
0.850
0.717
0.557
0.329
0.909
0.084
0.036
0.879
0.562
0.130
0.486
0.589
0.480
0.657
0.544
0.445
0.026
0.990
0.482
0.487
0.020
0.915
0.990
0.624
0.357
0.927
0.914
0.804
0.922
0.731
0.193
0.097
0.487
0.511
0.145
0.244
0.376
0.066
0.967
0.687
0.681
0.294
0.396
0.551
0.168
0.576
0.675
0.260
0.936
0.176
0.670
0.599
0.761
0.306
0.631
0.890
0.343
0.027
0.200
0.419
0.147
0.833
0.915
0.368
0.154
0.036
0.019
0.672
0.994
0.578
0.987
0.469
0.553
0.554
0.003
0.531
0.603
0.400
0.478
0.479
0.318
0.295
0.820
0.611
0.953
0.063
0.943
0.302
0.192
0.577
0.247
0.920
0.380
0.481
0.291
0.426
0.885
0.732
0.282
0.271
0.597
0.261
0.328
0.382
0.540
0.865
0.871
0.218
0.465
0.481
0.205
0.249
0.724
0.834
0.834
0.644
0.102
0.948
0.930
0.943
0.179
0.890
0.963
0.946
0.226
0.126
0.836
0.536
0.864
0.214
0.205
0.659
0.133
0.693
0.397
0.629
0.725
0.604
0.147
0.824
0.407
0.246
0.230
0.395
0.791
0.362
0.398
0.693
0.397
0.376
0.909
0.728
0.381
0.972
0.885
0.317
0.376
0.943
0.513
0.765
0.900
0.343
0.195
0.013
0.837
0.042
0.439
0.490
0.523
0.642
0.779
0.780
0.364
0.515
0.471
0.695
0.084
0.497
0.183
0.308
0.644
0.962
0.097
0.584
0.324
0.530
0.282
0.778
0.568
0.036
0.631
0.945
0.807
0.403
0.755
0.897
0.316
0.820
0.561
0.582
0.874
0.179
0.637
0.132
0.818
0.960
0.905
0.832
0.394
0.064
0.284
0.631
0.715
0.225
0.043
0.709
0.074
0.517
0.218
0.573
0.926
0.733
0.202
0.998
0.029
0.245
0.435
0.031
0.734
0.703
0.037
0.850
0.252
0.318
0.537
0.112
0.596
0.701
0.538
0.115
0.215
0.854
0.820
0.039
0.180
0.343
0.059
0.155
0.000
0.005
0.567
0.638
0.074
0.147
0.490
0.286
0.365
0.868
0.492
0.081
0.598
0.193
0.345
0.815
0.420
0.740
0.254
0.254
0.025
0.808
0.076
0.276
0.447
0.751
0.642
0.436
0.497
0.466
0.453
0.241
0.495
0.058
0.365
0.601
0.505
0.490
0.930
0.786
0.444
0.987
0.188
0.431
0.623
0.246
0.540
0.962
0.590
0.475
0.525
0.851
0.756
0.329
0.827
0.507
0.663
0.883
0.544
0.371
0.693
0.816
0.160
0.453
0.328
0.852
0.258
0.505
0.354
0.340
0.558
0.241
0.848
0.522
0.346
0.452
0.339
0.751
0.454
0.864
0.302
0.522
0.531
0.758
0.271
0.121
0.668
0.437
0.848
0.504
0.119
0.193
0.555
0.101
0.766
0.316
0.363
0.989
0.917
0.469
0.036
0.536
0.646
0.313
0.480
0.191
0.437
0.456
0.175
0.896
0.012
0.530
0.343
0.013
0.639
0.190
0.665
0.597
0.585
0.122
0.796
0.106
0.144
0.635
0.607
0.208
0.511
0.255
0.819
0.211
0.275
0.262
0.311
0.345
0.357
0.594
0.050
0.275
0.230
0.894
0.208
0.744
0.744
0.609
0.766
0.910
0.250
0.177
0.405
0.228
0.183
0.606
0.362
0.206
0.341
0.158
0.603
0.353
0.002
0.563
0.780
0.443
0.596
0.786
0.590
0.714
0.195
0.658
0.785
0.985
0.978
0.625
0.049
0.658
0.967
0.474
0.450
0.819
0.707
0.966
0.195
0.120
0.610
0.925
0.959
0.929
0.233
0.022
0.631
0.829
0.215
0.499
0.381
0.910
0.824
0.243
0.524
0.789
0.650
0.015
0.999
0.863
0.862
0.464
0.003
0.735
0.895
0.127
0.575
0.223
0.394
0.538
0.086
0.930
0.497
0.301
0.231
0.110
0.360
0.259
0.081
0.686
0.233
0.091
0.905
0.885
0.243
0.887
0.405
0.129
0.618
0.478
0.283
0.062
0.560
0.111
0.792
0.753
0.247
0.084
0.422
0.479
0.981
0.493
0.696
0.844
0.756
0.735
0.693
0.254
0.173
0.231
0.861
0.262
0.473
0.931
0.318
0.447
0.485
0.572
0.540
0.654
0.215
0.947
0.843
0.725
0.721
0.418
0.481
0.404
0.048
0.596
0.755
0.333
0.292
0.033
0.703
0.139
0.873
0.171
0.887
0.268
0.695
0.750
0.037
0.491
0.843
0.313
0.606
0.287
0.810
0.200
0.911
0.839
0.988
0.291
0.556
0.972
0.881
0.429
0.058
0.866
0.992
0.133
0.781
0.474
0.228
0.333
0.537
0.893
0.409
0.528
0.803
0.502
0.400
0.146
0.488
0.169
0.367
0.653
0.322
0.199
0.003
0.446
0.965
0.757
0.566
0.993
0.094
0.066
0.805
0.337
0.625
0.569
0.312
0.197
0.248
0.478
0.689
0.278
0.065
0.052
0.712
0.574
0.376
0.129
0.106
0.545
0.518
0.242
0.681
0.457
0.309
0.783
0.054
0.082
0.611
0.059
0.536
0.308
0.884
0.976
0.238
0.620
0.653
0.637
0.724
0.061
0.108
0.758
0.536
0.044
0.063
0.787
0.989
0.707
0.526
0.272
0.098
0.814
0.854
0.472
0.702
0.149
0.866
0.498
0.501
0.298
0.014
0.840
0.988
0.363
0.503
0.596
0.796
0.970
0.809
0.292
0.098
0.052
0.052
0.636
0.508
0.239
0.866
0.520
0.736
0.201
0.165
0.141
0.753
0.710
0.685
0.496
0.094
0.940
0.850
0.351
0.538
0.479
0.550
0.579
0.296
0.576
0.940
0.548
0.191
0.933
0.275
0.960
0.072
0.988
0.521
0.378
0.536
0.708
0.177
0.306
0.000
0.940
0.335
0.530
0.419
0.282
0.035
0.699
0.373
0.740
0.640
0.463
0.258
0.281
0.315
0.630
0.072
0.963
0.017
0.418
0.021
0.719
0.520
0.500
0.595
0.398
0.276
0.267
0.562
0.088
0.692
0.370
0.797
0.145
0.633
0.282
0.198
0.889
0.065
0.683
0.627
0.423
0.798
0.527
0.528
0.791
0.524
0.202
0.650
0.279
0.232
0.572
0.466
0.805
0.273
0.324
0.532
0.751
0.607
0.495
0.015
0.478
0.644
0.035
0.706
0.503
0.604
0.307
0.907
0.219
0.076
0.785
0.843
0.134
0.291
0.379
0.104
0.759
0.614
0.221
0.515
0.982
0.237
0.927
0.905
0.414
0.741
0.999
0.487
0.433
0.421
0.976
0.474
0.636
0.366
0.867
0.118
0.476
0.565
0.495
0.518
0.603
0.221
0.854
0.305
0.854
0.808
0.906
0.852
0.595
0.911
0.502
0.435
0.824
0.437
0.310
0.165
0.859
0.660
0.557
0.413
0.917
0.868
0.574
0.061
0.304
0.922
0.505
0.266
0.870
0.247
0.703
0.403
0.992
0.585
0.033
0.336
0.478
0.904
0.071
0.696
0.163
0.993
0.117
0.006
0.919
0.434
0.790
0.332
0.509
0.518
0.273
0.043
0.319
0.639
0.963
0.803
0.717
0.922
0.046
0.999
0.552
0.497
0.974
0.650
0.017
0.503
0.282
0.549
0.078
0.519
0.118
0.578
0.366
0.365
0.400
0.597
0.135
0.622
0.998
0.379
0.625
0.833
0.900
0.985
0.281
0.206
0.011
0.040
0.304
0.106
0.904
0.393
0.149
0.875
0.749
0.967
0.591
0.000
0.914
0.942
0.129
0.938
0.686
0.991
0.357
0.729
0.254
0.075
0.727
0.218
0.716
0.735
0.708
0.241
0.559
0.868
0.760
0.556
0.508
0.930
0.304
0.866
0.831
0.130
0.206
0.137
0.112
0.607
0.889
0.894
0.489
0.897
0.530
0.417
0.806
0.879
0.187
0.985
0.129
0.230
0.354
0.613
0.233
0.346
0.601
0.733
0.233
0.458
0.587
0.084
0.898
0.077
0.984
0.693
0.174
0.441
0.685
0.448
0.694
0.449
0.423
0.410
0.526
0.394
0.321
0.740
0.164
0.171
0.074
0.720
0.954
0.803
0.548
0.088
0.180
0.388
0.750
0.689
0.205
0.807
0.602
0.082
0.896
0.006
0.060
0.471
0.365
0.619
0.347
0.289
0.165
0.235
0.003
0.204
0.075
0.294
0.200
0.327
0.457
0.937
0.145
0.946
0.858
0.368
0.259
0.476
0.502
0.983
0.780
0.244
0.963
0.147
0.680
0.772
0.775
0.858
0.744
0.276
0.244
0.323
0.068
0.400
0.374
0.484
0.471
0.793
0.875
0.469
0.373
0.995
0.629
0.089
0.820
0.669
0.536
0.408
0.364
0.025
0.980
0.906
0.422
0.388
0.015
0.024
0.415
0.170
0.644
0.201
0.401
0.698
0.616
0.403
0.200
0.383
0.615
0.057
0.892
0.795
0.397
0.369
0.055
0.962
0.731
0.845
0.799
0.458
0.831
0.592
0.521
0.703
0.216
0.356
0.107
0.621
0.586
0.140
0.678
0.663
0.355
0.376
0.635
0.236
0.193
0.787
0.834
0.174
0.413
0.457
0.049
0.712
0.667
0.325
0.726
0.595
0.298
0.267
0.573
0.641
0.048
0.177
0.999
0.357
0.021
0.691
0.889
0.257
0.111
0.649
0.213
0.236
0.499
0.855
0.182
0.782
0.432
0.687
0.337
0.007
0.945
0.848
0.287
0.093
0.137
0.235
0.955
0.145
0.254
0.133
0.399
0.311
0.621
0.656
0.708
0.757
0.286
0.329
0.110
0.343
0.937
0.931
0.920
0.803
0.444
0.125
0.867
0.316
0.581
0.626
0.963
0.969
0.876
0.867
0.379
0.347
0.511
0.755
0.278
0.184
0.399
0.730
0.135
0.431
0.232
0.022
0.958
0.168
0.327
0.464
0.326
0.968
0.348
0.495
0.639
0.340
0.718
0.639
0.609
0.601
0.650
0.334
0.812
0.165
0.458
0.255
0.487
0.333
0.905
0.276
0.951
0.668
0.431
0.613
0.655
0.847
0.412
0.666
0.691
0.964
0.633
0.183
0.440
0.088
0.004
0.380
0.334
0.373
0.444
0.094
0.743
0.552
0.659
0.297
0.332
0.008
0.526
0.309
0.981
0.151
0.688
0.098
0.107
0.837
0.325
0.050
0.924
0.940
0.017
0.883
0.601
0.263
0.790
0.969
0.145
0.625
0.984
0.993
0.519
0.898
0.358
0.941
0.916
0.307
0.655
0.139
0.059
0.586
0.170
0.234
0.905
0.758
0.869
0.707
0.286
0.809
0.882
0.388
0.522
0.294
0.588
0.433
0.512
0.812
0.140
0.441
0.542
0.804
0.665
0.694
0.934
0.825
0.445
0.059
0.990
0.805
0.887
0.885
0.623
0.089
0.937
0.047
0.319
0.626
0.137
0.200
0.579
0.968
0.733
0.531
0.533
0.495
0.956
0.495
0.343
0.121
0.855
0.204
0.438
0.976
0.336
0.846
0.556
0.486
0.611
0.575
0.381
0.157
0.640
0.917
0.185
0.373
0.549
0.094
0.051
0.297
0.965
0.396
0.356
0.569
0.446
0.123
0.698
0.833
0.568
0.030
0.633
0.200
0.680
0.265
0.265
0.743
0.917
0.934
0.004
0.659
0.157
0.510
0.941
0.943
0.812
0.338
0.745
0.276
0.532
0.288
0.603
0.299
0.473
0.439
0.313
0.862
0.574
0.221
0.196
0.644
0.358
0.757
0.213
0.272
0.408
0.873
0.189
0.544
0.960
0.492
0.935
0.429
0.070
0.885
0.443
0.820
0.218
0.497
0.434
0.332
0.670
0.081
0.461
0.084
0.365
0.718
0.168
0.387
0.710
0.045
0.840
0.519
0.893
0.813
0.759
0.636
0.738
0.810
0.886
0.267
0.006
0.987
0.363
0.519
0.187
0.072
0.947
0.157
0.392
0.699
0.095
0.738
0.429
0.353
0.564
0.327
0.306
0.024
0.222
0.260
0.452
0.881
0.276
0.707
0.647
0.401
0.978
0.718
0.355
0.093
0.490
0.873
0.775
0.532
0.510
0.985
0.695
0.156
0.286
0.837
0.875
0.709
0.072
0.558
0.845
0.068
0.984
0.879
0.397
0.847
0.843
0.136
0.571
0.292
0.474
0.349
0.816
0.276
0.481
0.675
0.885
0.209
0.748
0.279
0.015
0.831
0.568
0.979
0.111
0.749
0.639
0.929
0.171
0.747
0.269
0.807
0.741
0.000
0.664
0.160
0.280
0.234
0.927
0.902
0.893
0.571
0.345
0.888
0.964
0.734
0.557
0.647
0.006
0.262
0.565
0.258
0.224
0.930
0.290
0.642
0.943
0.000
0.892
0.501
0.675
0.919
0.704
0.038
0.200
0.085
0.878
0.592
0.462
0.375
0.826
0.602
0.137
0.164
0.583
0.914
0.259
0.945
0.829
0.170
0.173
0.297
0.459
0.224
0.482
0.957
0.877
0.543
0.750
0.599
0.147
0.628
0.173
0.659
0.980
0.296
0.090
0.286
0.292
0.823
0.192
0.101
0.701
0.230
0.021
0.014
0.209
0.170
0.427
0.798
0.527
0.050
0.894
0.335
0.006
0.604
0.539
0.279
0.922
0.761
0.329
0.955
0.613
0.254
0.241
0.649
0.298
0.066
0.001
0.255
0.114
0.681
0.309
0.138
0.499
0.232
0.514
0.678
0.794
0.460
0.518
0.588
0.522
0.266
0.074
0.395
0.475
0.181
0.931
0.087
0.682
0.961
0.929
0.497
0.091
0.471
0.284
0.279
0.280
0.715
0.694
0.579
0.035
0.236
0.327
0.379
0.405
0.907
0.986
0.943
0.475
0.406
0.516
0.838
0.481
0.112
0.607
0.833
0.859
0.504
0.400
0.325
0.596
0.278
0.473
0.498
0.997
0.648
0.124
0.487
0.272
0.496
0.122
0.521
0.196
0.679
0.464
0.418
0.248
0.952
0.418
0.377
0.994
0.094
0.858
0.526
0.529
0.214
0.171
0.720
0.639
0.683
0.215
0.632
0.098
0.737
0.526
0.164
0.378
0.798
0.591
0.165
0.379
0.137
0.486
0.917
0.091
0.234
0.783
0.034
0.618
0.113
0.243
0.376
0.937
0.284
0.450
0.898
0.745
0.387
0.621
0.815
0.626
0.935
0.376
0.143
0.633
0.338
0.207
0.887
0.561
0.507
0.635
0.039
0.713
0.576
0.365
0.357
0.296
0.024
0.955
0.042
0.080
0.827
0.451
0.753
0.493
0.524
0.290
0.656
0.626
0.315
0.583
0.228
0.008
0.862
0.023
0.604
0.575
0.934
0.188
0.470
0.556
0.316
0.599
0.393
0.453
0.911
0.244
0.129
0.513
0.987
0.734
0.525
0.359
0.801
0.910
0.533
0.923
0.433
0.153
0.908
0.144
0.132
0.372
0.626
0.268
0.016
0.161
0.595
0.734
0.750
0.067
0.185
0.699
0.078
0.404
0.750
0.233
0.657
0.877
0.549
0.512
0.860
0.548
0.435
0.414
0.090
0.380
0.258
0.862
0.425
0.379
0.188
0.983
0.246
0.212
0.206
0.837
0.102
0.050
0.480
0.884
0.339
0.863
0.623
0.566
0.846
0.961
0.757
0.432
0.362
0.678
0.901
0.285
0.347
0.919
0.272
0.165
0.784
0.354
0.736
0.844
0.533
0.985
0.358
0.309
0.816
0.863
0.601
0.032
0.993
0.018
0.897
0.204
0.462
0.561
0.406
0.178
0.940
0.725
0.439
0.311
0.466
0.364
0.996
0.869
0.462
0.528
0.246
0.059
0.142
0.472
0.246
0.871
0.753
0.579
0.826
0.806
0.654
0.212
0.923
0.733
0.477
0.555
0.616
0.920
0.506
0.584
0.824
0.694
0.857
0.707
0.287
0.146
0.896
0.412
0.705
0.428
0.186
0.473
0.511
0.241
0.587
0.777
0.849
0.007
0.771
0.517
0.414
0.758
0.210
0.783
0.523
0.070
0.426
0.844
0.088
0.956
0.696
0.382
0.663
0.239
0.637
0.869
0.538
0.978
0.022
0.674
0.651
0.422
0.376
0.114
0.520
0.398
0.815
0.491
0.936
0.429
0.367
0.811
0.758
0.033
0.333
0.333
0.852
0.733
0.443
0.336
0.840
0.994
0.532
0.044
0.215
0.636
0.065
0.424
0.447
0.254
0.531
0.620
0.105
0.350
0.545
0.492
0.701
0.320
0.082
0.186
0.518
0.181
0.982
0.917
0.898
0.307
0.852
0.688
0.255
0.061
0.287
0.345
0.235
0.734
0.959
0.843
0.950
0.859
0.786
0.694
0.444
0.142
0.140
0.159
0.068
0.040
0.967
0.513
0.421
0.193
0.058
0.024
0.675
0.427
0.104
0.533
0.585
0.817
0.454
0.170
0.464
0.414
0.730
0.795
0.075
0.404
0.179
0.908
0.807
0.917
0.689
0.641
0.621
0.458
0.390
0.105
0.695
0.002
0.211
0.360
0.724
0.680
0.389
0.615
0.181
0.172
0.298
0.302
0.346
0.862
0.556
0.534
0.403
0.729
0.441
0.738
0.795
0.592
0.718
0.613
0.681
0.014
0.066
0.827
0.779
0.998
0.254
0.077
0.483
0.467
0.419
0.580
0.027
0.813
0.870
0.084
0.198
0.948
0.806
0.921
0.901
0.705
0.335
0.056
0.497
0.467
0.812
0.649
0.187
0.467
0.567
0.583
0.467
0.879
0.384
0.306
0.797
0.126
0.102
0.963
0.654
0.226
0.468
0.799
0.368
0.736
0.931
0.779
0.635
0.436
0.287
0.324
0.532
0.057
0.315
0.825
0.268
0.619
0.849
0.364
0.992
0.414
0.483
0.181
0.077
0.494
0.171
0.762
0.335
0.031
0.928
0.179
0.485
0.242
0.756
0.947
0.735
0.138
0.687
0.242
0.054
0.698
0.949
0.509
0.076
0.787
0.574
0.589
0.496
0.337
0.834
0.984
0.826
0.233
0.508
0.658
0.903
0.094
0.365
0.169
0.194
0.600
0.593
0.103
0.714
0.665
0.008
0.821
0.758
0.394
0.741
0.237
0.107
0.001
0.195
0.147
0.574
0.619
0.294
0.164
0.194
0.932
0.049
0.751
0.494
0.363
0.399
0.570
0.588
0.935
0.730
0.847
0.745
0.637
0.345
0.253
0.334
0.167
0.833
0.873
0.390
0.974
0.619
0.477
0.161
0.941
0.403
0.704
0.563
0.618
0.498
0.573
0.213
0.974
0.465
0.084
0.452
0.675
0.087
0.603
0.637
0.940
0.881
0.275
0.196
0.976
0.930
0.228
0.148
0.817
0.764
0.840
0.804
0.797
0.387
0.551
0.286
0.065
0.217
0.945
0.978
0.382
0.614
0.055
0.302
0.055
0.803
0.982
0.660
0.934
0.924
0.191
0.690
0.964
0.237
0.223
0.770
0.770
0.861
0.971
0.135
0.495
0.865
0.099
0.796
0.900
0.560
0.185
0.590
0.910
0.061
0.998
0.828
0.166
0.479
0.983
0.762
0.442
0.813
0.616
0.010
0.309
0.289
0.587
0.085
0.955
0.160
0.844
0.224
0.722
0.446
0.033
0.794
0.468
0.438
0.936
0.663
0.030
0.908
0.354
0.580
0.753
0.782
0.831
0.405
0.848
0.786
0.429
0.376
0.725
0.659
0.111
0.100
0.427
0.666
0.880
0.578
0.234
0.777
0.745
0.836
0.240
0.213
0.885
0.529
0.706
0.893
0.628
0.699
0.794
0.629
0.261
0.745
0.217
0.726
0.736
0.749
0.574
0.674
0.711
0.932
0.367
0.777
0.053
0.470
0.632
0.088
0.783
0.913
0.085
0.647
0.692
0.257
0.133
0.739
0.475
0.973
0.442
0.143
0.259
0.580
0.036
0.934
0.585
0.548
0.530
0.073
0.908
0.215
0.996
0.070
0.851
0.134
0.493
0.058
0.867
0.045
0.747
0.519
0.267
0.263
0.811
0.261
0.757
0.466
0.775
0.021
0.807
0.142
0.915
0.479
0.960
0.405
0.717
0.548
0.841
0.320
0.492
0.122
0.593
0.977
0.666
0.229
0.036
0.930
0.985
0.503
0.098
0.434
0.295
0.888
0.664
0.741
0.719
0.263
0.616
0.336
0.632
0.623
0.687
0.216
0.298
0.133
0.571
0.680
0.766
0.993
0.054
0.516
0.115
0.507
0.445
0.448
0.357
0.226
0.756
0.288
0.923
0.218
0.616
0.353
0.713
0.362
0.780
0.055
0.462
0.648
0.065
0.424
0.686
0.848
0.224
0.442
0.959
0.378
0.876
0.395
0.749
0.370
0.851
0.728
0.652
0.234
0.878
0.632
0.610
0.161
0.732
0.363
0.799
0.922
0.370
0.207
0.755
0.139
0.777
0.150
0.496
0.476
0.863
0.404
0.785
0.786
0.932
0.100
0.263
0.067
0.278
0.486
0.199
0.109
0.054
0.320
0.034
0.960
0.432
0.388
0.218
0.692
0.894
0.713
0.984
0.822
0.220
0.082
0.745
0.511
0.818
0.838
0.752
0.957
0.859
0.653
0.188
0.131
0.787
0.789
0.376
0.468
0.542
0.425
0.738
0.229
0.800
0.375
0.138
0.289
0.418
0.488
0.996
0.320
0.399
0.709
0.104
0.783
0.964
0.707
0.779
0.549
0.171
0.855
0.644
0.604
0.997
0.319
0.910
0.485
0.800
0.414
0.981
0.979
0.928
0.473
0.063
0.039
0.595
0.750
0.015
0.494
0.503
0.273
0.651
0.088
0.335
0.201
0.721
0.809
0.678
0.242
0.726
0.504
0.909
0.306
0.212
0.965
0.434
0.694
0.439
0.403
0.216
0.149
0.222
0.379
0.559
0.417
0.532
0.577
0.380
0.994
0.388
0.044
0.414
0.507
0.936
0.575
0.164
0.190
0.774
0.021
0.844
0.897
0.872
0.305
0.186
0.014
0.624
0.288
0.359
0.674
0.102
0.064
0.432
0.379
0.299
0.112
0.607
0.499
0.236
0.784
0.516
0.636
0.866
0.327
0.918
0.615
0.924
0.228
0.447
0.354
0.754
0.286
0.055
0.466
0.059
0.460
0.671
0.068
0.660
0.124
0.235
0.310
0.932
0.946
0.110
0.891
0.802
0.783
0.415
0.645
0.751
0.190
0.416
0.363
0.881
0.017
0.729
0.858
0.399
0.282
0.304
0.524
0.439
0.809
0.887
0.302
0.805
0.221
0.331
0.585
0.624
0.628
0.330
0.314
0.100
0.382
0.898
0.697
0.702
0.835
0.818
0.247
0.275
0.363
0.983
0.419
0.021
0.950
0.808
0.220
0.940
0.381
0.344
0.144
0.661
0.918
0.894
0.320
0.671
0.962
0.960
0.692
0.616
0.969
0.983
0.108
0.499
0.863
0.832
0.538
0.107
0.992
0.518
0.467
0.014
0.871
0.895
0.861
0.535
0.385
0.855
0.597
0.098
0.151
0.400
0.325
0.970
0.227
0.565
0.423
0.099
0.413
0.451
0.637
0.876
0.903
0.168
0.525
0.939
0.508
0.506
0.105
0.195
0.073
0.535
0.134
0.904
0.335
0.292
0.032
0.606
0.188
0.827
0.658
0.755
0.810
0.593
0.592
0.510
0.184
0.766
0.657
0.548
0.905
0.170
0.693
0.004
0.322
0.747
0.011
0.315
0.342
0.992
0.976
0.876
0.998
0.193
0.150
0.993
0.783
0.874
0.809
0.887
0.901
0.706
0.430
0.108
0.412
0.671
0.376
0.314
0.754
0.214
0.403
0.304
0.488
0.752
0.742
0.580
0.836
0.622
0.690
0.916
0.798
0.914
0.923
0.322
0.788
0.158
0.050
0.105
0.378
0.126
0.825
0.865
0.048
0.186
0.054
0.256
0.231
0.647
0.989
0.798
0.561
0.480
0.552
0.221
0.994
0.789
0.091
0.070
0.421
0.857
0.146
0.028
0.327
0.788
0.255
0.703
0.075
0.531
0.170
0.720
0.134
0.051
0.216
0.034
0.832
0.069
0.147
0.857
0.641
0.215
0.636
0.402
0.041
0.660
0.029
0.944
0.286
0.600
0.929
0.587
0.689
0.409
0.380
0.028
0.498
0.146
0.319
0.524
0.544
0.384
0.290
0.797
0.146
0.887
0.240
0.531
0.295
0.754
0.187
0.621
0.473
0.591
0.774
0.915
0.323
0.768
0.599
0.083
0.511
0.724
0.600
0.914
0.758
0.689
0.829
0.268
0.013
0.343
0.470
0.801
0.428
0.560
0.163
0.445
0.077
0.183
0.436
0.873
0.369
0.818
0.941
0.094
0.118
0.413
0.856
0.380
0.367
0.369
0.088
0.918
0.540
0.548
0.723
0.004
0.241
0.055
0.859
0.413
0.231
0.495
0.782
0.165
0.162
0.829
0.372
0.835
0.969
0.647
0.408
0.693
0.826
0.298
0.894
0.190
0.362
0.897
0.294
0.198
0.682
0.039
0.981
0.330
0.479
0.754
0.794
0.994
0.824
0.822
0.135
0.225
0.575
0.930
0.166
0.722
0.418
0.013
0.741
0.450
0.111
0.020
0.761
0.155
0.365
0.497
0.839
0.447
0.487
0.356
0.749
0.056
0.496
0.977
0.977
0.254
0.307
0.286
0.114
0.102
0.207
0.740
0.440
0.754
0.545
0.264
0.622
0.436
0.381
0.486
0.085
0.103
0.088
0.294
0.493
0.811
0.498
0.856
0.903
0.601
0.043
0.138
0.228
0.513
0.140
0.293
0.515
0.930
0.442
0.447
0.419
0.005
0.185
0.608
0.903
0.861
0.765
0.029
0.878
0.500
0.006
0.267
0.196
0.212
0.645
0.779
0.825
0.251
0.572
0.638
0.554
0.328
0.751
0.264
0.625
0.761
0.218
0.810
0.276
0.744
0.953
0.808
0.938
0.121
0.887
0.668
0.878
0.251
0.369
0.716
0.454
0.020
0.877
0.598
0.069
0.828
0.152
0.083
0.388
0.272
0.938
0.100
0.715
0.670
0.431
0.957
0.837
0.181
0.733
0.681
0.188
0.914
0.188
0.462
0.767
0.535
0.783
0.301
0.660
0.420
0.965
0.467
0.054
0.033
0.106
0.584
0.431
0.223
0.717
0.914
0.261
0.178
0.742
0.145
0.238
0.835
0.578
0.850
0.262
0.333
0.230
0.095
0.133
0.631
0.133
0.644
0.228
0.186
0.120
0.669
0.053
0.499
0.150
0.294
0.502
0.400
0.169
0.587
0.675
0.208
0.405
0.573
0.454
0.255
0.366
0.066
0.705
0.883
0.677
0.378
0.771
0.204
0.507
0.369
0.014
0.191
0.252
0.883
0.892
0.174
0.715
0.025
0.773
0.033
0.558
0.539
0.836
0.909
0.560
0.332
0.192
0.872
0.669
0.498
0.987
0.603
0.666
0.138
0.834
0.979
0.807
0.748
0.434
0.180
0.556
0.472
0.288
0.982
0.401
0.225
0.206
0.302
0.219
0.629
0.013
0.517
0.655
0.926
0.829
0.948
0.655
0.941
0.882
0.428
0.271
0.993
0.668
0.273
0.099
0.572
0.160
0.258
0.151
0.536
0.335
0.242
0.243
0.508
0.946
0.126
0.513
0.559
0.581
0.280
0.715
0.353
0.299
0.231
0.315
0.092
0.478
0.268
0.060
0.404
0.164
0.137
0.145
0.631
0.593
0.415
0.537
0.689
0.043
0.828
0.739
0.239
0.501
0.056
0.676
0.542
0.320
0.991
0.873
0.011
0.050
0.037
0.705
0.981
0.366
0.015
0.296
0.089
0.887
0.476
0.239
0.771
0.702
0.808
0.215
0.541
0.938
0.004
0.814
0.564
0.604
0.948
0.192
0.467
0.477
0.774
0.607
0.597
0.592
0.333
0.700
0.590
0.306
0.675
0.156
0.468
0.805
0.736
0.585
0.082
0.867
0.933
0.845
0.393
0.364
0.055
0.368
0.742
0.903
0.372
0.767
0.740
0.063
0.633
0.977
0.035
0.601
0.551
0.446
0.502
0.669
0.758
0.773
0.610
0.399
0.181
0.275
0.358
0.949
0.772
0.318
0.300
0.133
0.116
0.509
0.591
0.793
0.836
0.115
0.041
0.384
0.396
0.237
0.459
0.305
0.388
0.030
0.890
0.364
0.532
0.440
0.336
0.795
0.569
0.827
0.314
0.922
0.900
0.927
0.584
0.795
0.810
0.395
0.726
0.708
0.956
0.360
0.977
0.539
0.526
0.773
0.717
0.709
0.604
0.129
0.476
0.390
0.100
0.434
0.959
0.380
0.045
0.379
0.788
0.238
0.308
0.632
0.990
0.272
0.806
0.716
0.849
0.918
0.512
0.580
0.949
0.218
0.779
0.311
0.493
0.807
0.325
0.960
0.888
0.277
0.582
0.537
0.497
0.845
0.234
0.590
0.089
0.249
0.872
0.237
0.806
0.809
0.775
0.614
0.369
0.956
0.512
0.778
0.367
0.981
0.983
0.101
0.122
0.755
0.889
0.890
0.206
0.432
0.924
0.270
0.553
0.970
0.237
0.090
0.285
0.194
0.495
0.939
0.964
0.491
0.438
0.496
0.947
0.165
0.342
0.099
0.965
0.474
0.283
0.072
0.030
0.172
0.672
0.943
0.968
0.420
0.501
0.902
0.860
0.912
0.441
0.881
0.496
0.412
0.023
0.752
0.229
0.349
0.839
0.115
0.497
0.993
0.537
0.561
0.423
0.427
0.027
0.615
0.584
0.548
0.417
0.194
0.298
0.605
0.291
0.188
0.390
0.389
0.687
0.152
0.872
0.750
0.697
0.131
0.632
0.222
0.275
0.101
0.428
0.294
0.120
0.841
0.258
0.658
0.402
0.252
0.128
0.833
0.200
0.098
0.798
0.025
0.849
0.208
0.660
0.901
0.051
0.127
0.982
0.803
0.877
0.391
0.893
0.380
0.321
0.831
0.769
0.759
0.960
0.865
0.945
0.764
0.017
0.058
0.877
0.304
0.418
0.746
0.380
0.922
0.297
0.067
0.483
0.804
0.552
0.416
0.227
0.385
0.331
0.260
0.072
0.810
0.180
0.259
0.726
0.403
0.595
0.195
0.208
0.013
0.901
0.751
0.846
0.114
0.678
0.294
0.273
0.262
0.082
0.041
0.647
0.972
0.665
0.161
0.623
0.730
0.821
0.721
0.675
0.660
0.326
0.757
0.725
0.642
0.287
0.891
0.481
0.659
0.015
0.982
0.634
0.487
0.195
0.819
0.855
0.021
0.175
0.103
0.723
0.999
0.666
0.115
0.206
0.558
0.651
0.992
0.899
0.460
0.506
0.762
0.558
0.956
0.595
0.100
0.681
0.477
0.214
0.056
0.772
0.044
0.889
0.488
0.550
0.792
0.954
0.490
0.785
0.607
0.318
0.983
0.710
0.726
0.365
0.692
0.725
0.593
0.115
0.410
0.496
0.276
0.616
0.139
0.120
0.448
0.207
0.062
0.340
0.149
0.561
0.511
0.856
0.715
0.338
0.330
0.111
0.838
0.032
0.797
0.937
0.135
0.280
0.152
0.051
0.711
0.028
0.363
0.966
0.955
0.410
0.039
0.982
0.822
0.466
0.804
0.955
0.018
0.710
0.998
0.427
0.992
0.931
0.696
0.380
0.489
0.322
0.143
0.510
0.692
0.386
0.661
0.573
0.537
0.618
0.531
0.772
0.002
0.775
0.823
0.760
0.461
0.478
0.045
0.175
0.612
0.857
0.170
0.618
0.008
0.034
0.457
0.207
0.080
0.634
0.715
0.448
0.265
0.522
0.526
0.767
0.337
0.659
0.010
0.502
0.201
0.429
0.599
0.794
0.908
0.010
0.386
0.485
0.286
0.109
0.752
0.090
0.960
0.110
0.471
0.500
0.633
0.448
0.102
0.914
0.505
0.611
0.917
0.264
0.943
0.704
0.567
0.722
0.710
0.381
0.700
0.920
0.702
0.919
0.917
0.339
0.408
0.060
0.383
0.875
0.174
0.856
0.296
0.700
0.897
0.902
0.780
0.360
0.204
0.157
0.378
0.115
0.891
0.079
0.418
0.835
0.155
0.652
0.950
0.310
0.246
0.947
0.478
0.711
0.846
0.002
0.221
0.318
0.335
0.078
0.300
0.279
0.499
0.790
0.843
0.532
0.878
0.326
0.887
0.348
0.891
0.642
0.948
0.709
0.219
0.526
0.148
0.514
0.525
0.654
0.109
0.748
0.707
0.653
0.005
0.865
0.614
0.365
0.783
0.641
0.814
0.131
0.207
0.282
0.868
0.548
0.217
0.403
0.550
0.136
0.537
0.772
0.441
0.320
0.108
0.551
0.333
0.949
0.776
0.693
0.109
0.445
0.523
0.857
0.397
0.236
0.818
0.416
0.321
0.671
0.542
0.180
0.058
0.763
0.603
0.350
0.707
0.105
0.689
0.150
0.769
0.442
0.869
0.179
0.014
0.446
0.875
0.734
0.268
0.118
0.884
0.212
0.427
0.349
0.271
0.089
0.576
0.473
0.431
0.457
0.667
0.722
0.986
0.071
0.091
0.610
0.312
0.828
0.697
0.664
0.404
0.213
0.638
0.257
0.863
0.604
0.861
0.747
0.305
0.267
0.578
0.563
0.678
0.677
0.135
0.658
0.916
0.838
0.220
0.703
0.194
0.344
0.827
0.325
0.398
0.335
0.467
0.332
0.178
0.092
0.506
0.035
0.252
0.691
0.353
0.971
0.062
0.701
0.766
0.923
0.344
0.407
0.336
0.182
0.035
0.621
0.783
0.184
0.879
0.303
0.444
0.969
0.300
0.997
0.536
0.543
0.614
0.753
0.878
0.034
0.314
0.453
0.370
0.984
0.503
0.672
0.807
0.851
0.951
0.736
0.704
0.603
0.097
0.959
0.067
0.228
0.346
0.102
0.344
0.315
0.382
0.469
0.162
0.270
0.136
0.599
0.859
0.220
0.750
0.644
0.897
0.420
0.644
0.619
0.109
0.965
0.311
0.800
0.409
0.463
0.547
0.053
0.080
0.880
0.973
0.863
0.827
0.384
0.520
0.999
0.045
0.063
0.626
0.447
0.688
0.465
0.931
0.081
0.790
0.203
0.642
0.457
0.934
0.042
0.452
0.632
0.913
0.934
0.022
0.699
0.927
0.511
0.435
0.153
0.248
0.785
0.193
0.932
0.079
0.307
0.159
0.335
0.892
0.271
0.834
0.280
0.582
0.376
0.176
0.722
0.295
0.188
0.609
0.742
0.279
0.122
0.032
0.899
0.310
0.184
0.718
0.546
0.273
0.324
0.645
0.900
0.237
0.044
0.834
0.351
0.315
0.402
0.652
0.775
0.467
0.999
0.426
0.194
0.879
0.578
0.907
0.636
0.724
0.605
0.753
0.285
0.080
0.414
0.790
0.713
0.892
0.535
0.225
0.278
0.557
0.656
0.824
0.086
0.575
0.193
0.314
0.447
0.218
0.864
0.503
0.948
0.085
0.058
0.894
0.200
0.162
0.988
0.830
0.734
0.966
0.501
0.203
0.859
0.806
0.366
0.361
0.110
0.427
0.902
0.222
0.989
0.567
0.999
0.538
0.043
0.304
0.599
0.817
0.133
0.171
0.071
0.939
0.647
0.196
0.639
0.258
0.316
0.364
0.008
0.231
0.619
0.464
0.389
0.588
0.285
0.803
0.710
0.790
0.189
0.496
0.467
0.925
0.508
0.412
0.449
0.585
0.138
0.136
0.922
0.600
0.936
0.573
0.532
0.157
0.768
0.491
0.562
0.394
0.105
0.695
0.514
0.633
0.069
0.706
0.629
0.827
0.315
0.217
0.886
0.969
0.347
0.924
0.290
0.648
0.365
0.073
0.378
0.501
0.258
0.779
0.941
0.226
0.863
0.089
0.223
0.326
0.073
0.359
0.837
0.626
0.403
0.103
0.332
0.461
0.842
0.282
0.395
0.023
0.329
0.430
0.884
0.183
0.057
0.887
0.764
0.516
0.581
0.771
0.371
0.191
0.611
0.635
0.967
0.396
0.601
0.822
0.249
0.348
0.036
0.780
0.921
0.464
0.365
0.384
0.902
0.504
0.957
0.508
0.284
0.636
0.793
0.390
0.316
0.564
0.188
0.204
0.600
0.346
0.826
0.676
0.202
0.248
0.859
0.440
0.332
0.462
0.478
0.180
0.933
0.577
0.542
0.843
0.620
0.023
0.023
0.041
0.559
0.048
0.509
0.360
0.931
0.392
0.734
0.087
0.351
0.105
0.066
0.094
0.902
0.533
0.074
0.703
0.279
0.554
0.799
0.997
0.441
0.050
0.958
0.440
0.891
0.172
0.370
0.821
0.967
0.361
0.749
0.862
0.310
0.370
0.744
0.017
0.395
0.682
0.215
0.752
0.595
0.329
0.325
0.785
0.967
0.431
0.637
0.920
0.752
0.596
0.018
0.223
0.823
0.562
0.962
0.737
0.325
0.924
0.986
0.714
0.360
0.739
0.294
0.892
0.003
0.379
0.942
0.318
0.049
0.749
0.568
0.488
0.622
0.181
0.058
0.343
0.189
0.254
0.301
0.611
0.614
0.318
0.550
0.026
0.076
0.077
0.571
0.508
0.478
0.568
0.909
0.427
0.819
0.830
0.539
0.868
0.645
0.750
0.876
0.636
0.131
0.050
0.674
0.987
0.901
0.238
0.788
0.862
0.003
0.123
0.261
0.842
0.484
0.911
0.867
0.298
0.784
0.903
0.693
0.849
0.489
0.530
0.583
0.783
0.860
0.698
0.106
0.434
0.219
0.063
0.596
0.339
0.011
0.058
0.592
0.750
0.085
0.197
0.939
0.823
0.335
0.503
0.726
0.619
0.419
0.049
0.879
0.557
0.653
0.233
0.376
0.168
0.653
0.113
0.897
0.636
0.966
0.771
0.953
0.810
0.172
0.833
0.733
0.610
0.505
0.394
0.413
0.845
0.171
0.272
0.941
0.977
0.953
0.732
0.589
0.149
0.987
0.849
0.497
0.766
0.562
0.694
0.021
0.036
0.552
0.386
0.864
0.797
0.078
0.989
0.904
0.537
0.225
0.518
0.709
0.558
0.661
0.193
0.317
0.146
0.569
0.812
0.763
0.630
0.235
0.901
0.939
0.248
0.094
0.758
0.557
0.976
0.436
0.983
0.484
0.502
0.960
0.298
0.767
0.690
0.998
0.544
0.914
0.190
0.363
0.206
0.478
0.353
0.672
0.585
0.778
0.647
0.347
0.930
0.613
0.187
0.754
0.431
0.146
0.406
0.254
0.687
0.060
0.941
0.172
0.337
0.269
0.697
0.984
0.194
0.203
0.651
0.019
0.249
0.823
0.639
0.948
0.498
0.955
0.727
0.488
0.547
0.345
0.272
0.118
0.476
0.859
0.155
0.311
0.868
0.207
0.959
0.708
0.290
0.475
0.172
0.405
0.372
0.376
0.206
0.515
0.541
0.663
0.313
0.647
0.500
0.202
0.008
0.126
0.194
0.178
0.559
0.727
0.645
0.289
0.883
0.554
0.022
0.302
0.126
0.516
0.976
0.260
0.786
0.399
0.648
0.750
0.562
0.594
0.261
0.391
0.660
0.600
0.078
0.437
0.493
0.984
0.533
0.191
0.902
0.373
0.679
0.937
0.012
0.140
0.271
0.152
0.089
0.093
0.765
0.053
0.348
0.758
0.583
0.526
0.171
0.728
0.339
0.687
0.355
0.368
0.842
0.353
0.195
0.372
0.655
0.396
0.911
0.572
0.191
0.817
0.950
0.440
0.901
0.834
0.356
0.115
0.397
0.330
0.946
0.466
0.911
0.607
0.562
0.424
0.535
0.442
0.713
0.516
0.177
0.721
0.081
0.814
0.557
0.657
0.679
0.719
0.897
0.606
0.288
0.490
0.990
0.265
0.650
0.620
0.172
0.312
0.122
0.981
0.095
0.794
0.857
0.291
0.000
0.543
0.186
0.258
0.254
0.384
0.442
0.729
0.359
0.347
0.846
0.162
0.034
0.058
0.063
0.595
0.215
0.106
0.045
0.887
0.086
0.716
0.019
0.910
0.561
0.461
0.727
0.660
0.911
0.896
0.167
0.735
0.650
0.230
0.609
0.860
0.774
0.671
0.471
0.589
0.609
0.584
0.164
0.042
0.113
0.813
0.481
0.262
0.086
0.994
0.616
0.374
0.582
0.518
0.960
0.052
0.516
0.693
0.105
0.006
0.898
0.366
0.476
0.779
0.231
0.029
0.188
0.567
0.827
0.469
0.836
0.369
0.373
0.091
0.037
0.215
0.361
0.819
0.193
0.318
0.227
0.505
0.799
0.758
0.653
0.118
0.635
0.189
0.679
0.026
0.330
0.534
0.437
0.916
0.378
0.162
0.955
0.920
0.611
0.645
0.106
0.125
0.932
0.107
0.260
0.826
0.415
0.878
0.807
0.392
0.203
0.929
0.924
0.353
0.752
0.668
0.148
0.186
0.599
0.708
0.750
0.692
0.159
0.026
0.261
0.217
0.949
0.181
0.145
0.317
0.243
0.927
0.522
0.309
0.676
0.842
0.053
0.987
0.119
0.389
0.459
0.120
0.632
0.996
0.954
0.865
0.862
0.848
0.799
0.449
0.931
0.596
0.992
0.275
0.854
0.736
0.803
0.837
0.084
0.188
0.879
0.492
0.343
0.597
0.338
0.402
0.336
0.184
0.934
0.393
0.564
0.514
0.327
0.782
0.365
0.207
0.544
0.164
0.580
0.513
0.431
0.081
0.769
0.255
0.881
0.090
0.386
0.623
0.164
0.791
0.135
0.289
0.666
0.447
0.390
0.235
0.986
0.923
0.800
0.074
0.519
0.926
0.687
0.036
0.198
0.945
0.612
0.532
0.779
0.049
0.600
0.655
0.977
0.246
0.328
0.064
0.430
0.508
0.888
0.515
0.517
0.534
0.785
0.751
0.990
0.807
0.775
0.340
0.026
0.480
0.741
0.843
0.065
0.898
0.804
0.505
0.928
0.849
0.350
0.624
0.494
0.982
0.298
0.450
0.883
0.991
0.959
0.284
0.878
0.280
0.932
0.979
0.187
0.583
0.320
0.060
0.768
0.767
0.765
0.521
0.918
0.414
0.762
0.370
0.572
0.840
0.905
0.664
0.459
0.525
0.123
0.119
0.180
0.602
0.410
0.369
0.155
0.895
0.378
0.808
0.728
0.423
0.631
0.128
0.056
0.714
0.483
0.749
0.117
0.668
0.390
0.120
0.605
0.110
0.554
0.164
0.144
0.735
0.566
0.168
0.124
0.732
0.996
0.722
0.978
0.432
0.299
0.175
0.031
0.815
0.965
0.008
0.087
0.493
0.789
0.541
0.169
0.695
0.519
0.091
0.485
0.427
0.557
0.398
0.509
0.846
0.139
0.745
0.687
0.582
0.308
0.762
0.407
0.493
0.012
0.344
0.258
0.494
0.364
0.620
0.967
0.326
0.742
0.254
0.739
0.165
0.579
0.561
0.166
0.840
0.446
0.665
0.426
0.188
0.528
0.536
0.864
0.884
0.622
0.749
0.819
0.579
0.042
0.222
0.128
0.376
0.092
0.820
0.335
0.435
0.790
0.315
0.261
0.352
0.808
0.018
0.665
0.728
0.986
0.327
0.515
0.910
0.578
0.413
0.982
0.724
0.681
0.462
0.236
0.899
0.766
0.878
0.274
0.175
0.348
0.339
0.484
0.882
0.755
0.733
0.489
0.162
0.784
0.012
0.315
0.136
0.377
0.851
0.545
0.488
0.847
0.782
0.972
0.846
0.106
0.216
0.744
0.799
0.594
0.515
0.084
0.544
0.412
0.741
0.857
0.494
0.915
0.027
0.577
0.218
0.017
0.066
0.637
0.609
0.411
0.865
0.163
0.061
0.803
0.092
0.075
0.524
0.951
0.651
0.522
0.297
0.738
0.956
0.874
0.128
0.794
0.118
0.831
0.084
0.967
0.843
0.155
0.457
0.791
0.069
0.326
0.194
0.125
0.244
0.015
0.111
0.680
0.402
0.023
0.187
0.971
0.694
0.775
0.648
0.799
0.617
0.420
0.554
0.374
0.794
0.038
0.147
0.353
0.501
0.036
0.696
0.603
0.399
0.693
0.109
0.254
0.329
0.447
0.177
0.317
0.568
0.712
0.117
0.756
0.205
0.700
0.835
0.839
0.724
0.227
0.754
0.374
0.968
0.576
0.469
0.600
0.502
0.074
0.341
0.753
0.432
0.081
0.643
0.032
0.279
0.082
0.432
0.969
0.799
0.798
0.384
0.337
0.377
0.356
0.646
0.565
0.370
0.580
0.501
0.640
0.355
0.716
0.240
0.639
0.030
0.640
0.911
0.018
0.835
0.093
0.160
0.816
0.797
0.954
0.015
0.203
0.260
0.963
0.963
0.090
0.640
0.523
0.851
0.395
0.615
0.939
0.231
0.968
0.532
0.825
0.452
0.489
0.343
0.752
0.576
0.792
0.220
0.929
0.325
0.640
0.462
0.033
0.247
0.192
0.019
0.021
0.061
0.873
0.586
0.273
0.852
0.347
0.507
0.695
0.233
0.453
0.073
0.355
0.940
0.346
0.381
0.761
0.143
0.922
0.923
0.716
0.009
0.973
0.689
0.718
0.166
0.829
0.033
0.010
0.609
0.710
0.682
0.738
0.229
0.276
0.388
0.473
0.863
0.203
0.318
0.992
0.897
0.676
0.888
0.026
0.631
0.506
0.837
0.854
0.212
0.469
0.330
0.338
0.261
0.384
0.990
0.621
0.691
0.763
0.661
0.401
0.651
0.315
0.823
0.376
0.103
0.849
0.164
0.195
0.336
0.971
0.436
0.994
0.696
0.669
0.083
0.830
0.851
0.719
0.466
0.350
0.785
0.491
0.710
0.814
0.031
0.663
0.103
0.715
0.629
0.949
0.845
0.544
0.074
0.098
0.014
0.424
0.725
0.462
0.236
0.234
0.218
0.602
0.683
0.180
0.517
0.004
0.787
0.435
0.528
0.465
0.812
0.980
0.673
0.724
0.994
0.443
0.897
0.061
0.256
0.389
0.599
0.218
0.578
0.684
0.456
0.149
0.380
0.117
0.088
0.485
0.717
0.109
0.622
0.571
0.409
0.835
0.835
0.303
0.937
0.865
0.982
0.559
0.649
0.229
0.232
0.297
0.521
0.100
0.135
0.659
0.145
0.575
0.327
0.475
0.459
0.264
0.957
0.804
0.269
0.646
0.845
0.874
0.202
0.017
0.964
0.202
0.323
0.597
0.190
0.011
0.164
0.197
0.617
0.507
0.242
0.796
0.114
0.085
0.344
0.434
0.095
0.398
0.870
0.104
0.587
0.564
0.973
0.202
0.817
0.632
0.545
0.207
0.255
0.583
0.765
0.298
0.665
0.743
0.262
0.183
0.972
0.339
0.587
0.801
0.365
0.168
0.063
0.251
0.976
0.464
0.804
0.677
0.466
0.655
0.911
0.707
0.399
0.570
0.558
0.949
0.379
0.501
0.208
0.880
0.758
0.745
0.672
0.228
0.729
0.730
0.097
0.106
0.377
0.632
0.897
0.913
0.023
0.866
0.109
0.423
0.576
0.657
0.378
0.064
0.483
0.524
0.372
0.864
0.660
0.930
0.577
0.854
0.499
0.491
0.617
0.290
0.073
0.301
0.413
0.843
0.388
0.105
0.551
0.970
0.132
0.010
0.825
0.538
0.241
0.365
0.421
0.812
0.190
0.986
0.289
0.167
0.661
0.653
0.733
0.252
0.801
0.966
0.156
0.681
0.681
0.079
0.369
0.872
0.133
0.420
0.026
0.483
0.898
0.404
0.484
0.200
0.334
0.562
0.150
0.169
0.186
0.178
0.937
0.625
0.523
0.969
0.978
0.341
0.429
0.458
0.022
0.900
0.020
0.289
0.951
0.486
0.763
0.864
0.337
0.612
0.808
0.285
0.168
0.425
0.053
0.583
0.498
0.904
0.233
0.738
0.602
0.463
0.220
0.325
0.929
0.001
0.403
0.704
0.688
0.630
0.009
0.958
0.699
0.411
0.465
0.133
0.682
0.773
0.061
0.248
0.229
0.347
0.650
0.343
0.797
0.349
0.662
0.885
0.153
0.735
0.706
0.525
0.264
0.740
0.458
0.646
0.525
0.173
0.545
0.551
0.125
0.208
0.928
0.035
0.702
0.086
0.758
0.483
0.459
0.310
0.135
0.950
0.178
0.112
0.114
0.295
0.352
0.879
0.323
0.876
0.003
0.183
0.992
0.127
0.002
0.042
0.042
0.214
0.679
0.377
0.201
0.643
0.963
0.324
0.924
0.592
0.501
0.996
0.484
0.369
0.615
0.475
0.398
0.238
0.503
0.845
0.287
0.597
0.135
0.422
0.841
0.522
0.243
0.857
0.641
0.758
0.984
0.543
0.643
0.958
0.348
0.507
0.451
0.789
0.733
0.369
0.726
0.791
0.519
0.345
0.671
0.925
0.844
0.126
0.273
0.782
0.153
0.542
0.338
0.181
0.364
0.014
0.214
0.804
0.879
0.938
0.052
0.786
0.717
0.710
0.530
0.365
0.711
0.406
0.546
0.608
0.817
0.535
0.788
0.043
0.962
0.771
0.516
0.909
0.640
0.913
0.475
0.748
0.803
0.385
0.120
0.319
0.926
0.250
0.629
0.438
0.432
0.226
0.280
0.770
0.306
0.254
0.867
0.497
0.544
0.868
0.451
0.213
0.182
0.038
0.837
0.117
0.899
0.913
0.941
0.935
0.524
0.550
0.557
0.806
0.380
0.833
0.834
0.864
0.972
0.763
0.871
0.874
0.683
0.263
0.353
0.364
0.920
0.035
0.204
0.019
0.803
0.151
0.599
0.046
0.002
0.646
0.466
0.672
0.147
0.390
0.870
0.870
0.151
0.520
0.822
0.232
0.115
0.887
0.336
0.031
0.329
0.634
0.851
0.319
0.753
0.183
0.896
0.677
0.578
0.711
0.273
0.476
0.953
0.588
0.324
0.527
0.226
0.494
0.609
0.009
0.200
0.839
0.517
0.405
0.049
0.629
0.320
0.091
0.511
0.631
0.238
0.009
0.156
0.146
0.061
0.308
0.720
0.180
0.581
0.610
0.354
0.228
0.009
0.776
0.644
0.673
0.436
0.030
0.465
0.645
0.294
0.692
0.915
0.041
0.384
0.470
0.834
0.292
0.610
