66961
11335
78788
89288
74640
90911
60195
38429
77398
52428
17587
56304
81812
83279
91789
22964
68610
86229
92962
55387
93229
94066
55231
90844
76837
75017
83592
94371
15805
44906
98133
25240
66894
17365
33672
76423
37906
69503
09657
77033
84498
26114
71937
73144
73985
06771
03905
73409
67918
02427
85896
67500
07673
31815
79371
99150
31698
18450
98662
42429
02069
46848
73255
68381
01233
59026
91646
09667
15383
30573
75906
25985
94315
75480
28759
31749
19477
17134
98937
75063
70217
70739
26318
92385
13649
90427
71578
79658
23780
27440
32596
09417
54896
87919
04850
53568
01353
99058
91224
95724
70474
92801
54301
58742
47932
14831
70447
87543
46299
45285
95824
08591
10924
78772
95337
30389
31668
70314
49832
89705
11563
31173
72584
34157
54897
79019
94149
50995
11440
23838
81961
08551
39388
37683
70044
16508
10971
52033
79899
93287
06521
26067
92301
66020
13536
25532
49648
30994
06699
17529
59704
27556
38694
11376
17950
29606
84440
57098
78826
74178
99240
65143
03018
30792
37430
18220
07744
10079
30356
19925
32408
20547
63157
69365
13355
40923
25359
51234
15225
06418
51798
48542
93400
89029
13821
07636
81670
57495
67237
93408
84240
44308
86128
39608
21875
27429
86416
61466
31062
61739
07132
75766
87980
21578
31861
23970
24940
51400
61440
27767
66742
86977
40566
57476
28242
32792
85197
91022
82312
28704
95266
09793
98624
48550
34482
73164
37143
17648
75315
56079
09052
57026
83505
95084
52513
13821
25097
51747
63059
76584
43895
25896
99390
68874
99204
65848
11195
35060
55516
50092
48854
88286
71790
99175
08996
35017
27323
63270
21374
48350
56382
76536
39898
47251
88467
26373
25876
93471
83231
16541
56791
43956
66049
55323
98116
85854
73064
80834
44590
58302
27528
81968
38369
90342
66971
10502
79482
84929
79542
29017
71300
54488
28761
29111
39510
15440
65246
55002
16215
67459
82833
51144
49712
05376
71457
18629
23886
32262
15654
05533
52350
27345
63573
58503
53852
47701
21772
68039
87331
92958
31533
24990
38127
36821
41879
81390
26669
68373
01463
29696
88381
14261
12644
70493
11235
65657
28661
66075
66587
58811
87134
24326
66651
83799
78144
47763
76803
87951
55990
35546
70719
56072
40621
30594
26952
33358
30441
92274
13251
41844
73464
74655
34815
23765
41455
76936
80842
87013
36003
59853
68432
43182
92242
16386
82202
85777
79601
52483
98977
20770
16724
91025
11509
14867
66409
62176
91891
51743
57272
31762
81007
53496
60753
82238
90854
14248
64369
47426
60018
38470
33352
87259
66552
77164
38301
85860
87472
38531
86687
08998
63865
50859
63329
85693
23400
64871
59866
58426
33224
21057
90917
17328
21487
63286
70793
36092
58800
88508
16498
01158
56515
56727
32291
10885
69802
45720
66329
08911
08862
46536
18801
42511
24864
54825
79199
95052
98259
42237
72073
91012
92352
97554
43192
47370
52334
37747
30426
41001
16458
42283
16391
90756
17044
30339
92893
50171
93946
20737
32919
95497
26938
65644
47260
77721
90109
96764
66968
20092
39490
17026
13598
47117
55743
86621
62119
61832
65561
49581
38812
33142
67904
76276
87645
90261
50398
77623
28772
32872
39523
52918
64543
45437
48721
59017
34066
28977
03830
06943
31943
45348
70135
80007
82892
38156
19873
32699
62418
92528
90562
85352
06792
17809
32341
73038
38348
68276
25745
69523
51897
76722
80554
43685
57018
28348
56653
06755
42861
98078
18524
65023
49970
81241
93827
39465
02608
86424
92798
88437
15466
78389
78143
66678
96424
80664
64229
77495
24823
41482
28465
96231
76846
79376
58579
12329
09906
49023
81824
62970
92949
29241
48236
50678
02956
90610
78033
39732
68486
57597
23302
65588
75220
35821
29940
60082
29072
19512
23892
64339
77247
65000
11148
46278
06326
21772
65380
01196
54942
70653
20400
94253
26523
32682
27327
27983
19023
91047
13087
28671
20351
30661
61072
16650
75521
70918
73509
05915
42061
86318
66480
77607
65943
07949
42737
32557
90452
70189
44675
20482
07637
48394
50675
09330
22564
55583
02041
84594
68074
49192
33080
46802
11726
68712
91363
09103
22430
68947
91156
14538
92942
37759
02329
55252
91385
14532
40938
68218
69625
42651
57181
99407
82107
66087
72021
35680
03593
49855
22649
01599
28201
46488
98520
41590
97829
68065
96772
95045
04130
88062
73423
42712
05401
47171
30895
17350
03078
72547
80249
57085
20026
59263
73182
89102
88441
24736
01132
92608
03964
28142
06445
02742
43787
05599
92639
34198
38903
48433
56185
62792
60743
11436
39474
91517
13687
03913
54418
56784
43761
39834
92044
42552
38477
81420
03930
99163
30279
90349
18836
47516
34485
94981
45700
31485
55803
22085
64281
42265
02151
55106
80888
17874
93095
45542
72553
18091
81072
26063
20864
03294
52586
11357
11709
66354
63053
77718
48091
54496
27983
72971
82250
43009
54672
32214
37430
05431
08062
37707
79969
10596
35486
62951
74383
24352
83708
04188
39779
32314
81338
23125
88107
57574
33758
45405
06292
55156
48253
40151
59234
66569
81099
66223
20432
51563
13785
04472
84879
16297
89362
04508
74791
55548
65087
94341
41397
69226
94494
02542
35510
97569
38620
96637
52898
45204
34432
97696
50583
65019
20137
08655
23876
60143
31894
76646
34307
61703
10331
40623
92823
24240
56698
78926
28455
45561
81715
04849
32308
04321
09512
56687
64536
74501
65562
92717
55552
78284
12876
46943
44241
36704
58969
15371
09994
13149
90397
16857
02958
56214
37106
13490
40634
77199
44783
14123
76144
38129
23982
52501
28848
26120
37840
77221
02270
09671
25970
58126
81392
69192
56415
63113
37751
75763
55382
45584
23296
97507
34395
64957
50121
96973
76591
13019
80248
12260
39980
46661
35464
91756
79238
08799
99855
11890
83969
47582
15432
20341
01401
54250
52361
21373
48695
44279
26637
10365
89739
36548
94294
18471
43729
59628
83114
41395
93822
93874
87132
64380
76458
47025
63334
75296
96232
08572
87461
87461
39342
30023
96587
44773
33187
72498
29374
88624
22969
68965
04605
39826
16511
37094
12964
21961
73069
20581
97670
74632
06173
47183
74833
48055
70801
43500
97403
55311
84686
39684
88973
66725
31124
57763
56354
40723
41716
77940
19025
34975
65291
74297
48938
38481
30878
95202
39767
85304
64690
48495
19150
46325
23655
55439
77924
53267
08346
93000
74661
26218
67565
21163
53548
40344
42287
36481
45530
67260
05907
27136
51944
93023
95920
26412
68335
89950
32400
15780
54802
46880
55663
08808
39301
63668
47294
65377
34066
11088
12190
94737
14442
67268
45485
11234
88106
82393
54558
36146
48845
89773
42793
34570
64917
23810
41799
18994
16962
27823
08840
49318
75615
84628
12577
69199
91420
52215
15146
44844
08509
47187
40646
70193
76112
69285
04557
32303
48788
68073
12330
80071
20534
25831
39297
59252
62871
38091
71060
13503
33798
61532
07482
56481
89183
52577
29311
14401
76603
71525
45157
37896
32502
85715
83173
71487
50786
81769
04162
76133
34840
05611
89884
72805
80348
45090
21730
52349
21781
78921
76667
64022
42640
24106
76579
77899
07483
75478
98298
14065
58128
57725
45528
38509
05973
45445
65729
29684
72339
21934
47379
54064
71116
11658
62061
36326
15779
69476
42170
26273
23297
35422
40996
41334
98205
38528
42968
44724
79844
46705
30863
98817
08865
45864
56347
55382
61583
15625
28305
06298
90859
25552
27368
60890
38106
66106
39315
11506
34948
51864
27818
88343
73574
17705
34266
10540
67322
11293
20655
85545
44897
79089
14127
97549
37909
33779
10524
82756
20429
79555
40764
03673
68170
30467
82238
98606
45922
63573
84364
99114
98979
36364
83921
47574
12470
13692
53500
35568
55085
70512
87897
99056
21738
74370
69572
02435
61384
65973
63910
96082
05754
76376
19095
10954
25843
17655
89760
75725
54258
14767
89851
11452
92840
25335
42114
97185
62886
74538
01121
49212
29794
58019
51128
94023
42052
73451
52263
18669
70500
99197
51085
82049
96433
75407
29215
60352
18561
06608
48312
54135
45843
10053
15796
53065
60261
93300
87872
37906
16443
49628
43448
02780
15846
03289
90006
23155
24552
12068
25505
56940
66344
57252
36493
59551
58437
90886
46940
24849
67006
73114
15133
55796
56746
92496
58550
70423
65491
21815
63149
86809
86924
91139
21886
23128
86350
44536
67211
10003
71696
02161
21849
62391
61443
25841
59972
93428
48617
10439
91905
40634
94835
35486
48486
33250
29024
67015
39419
42684
31424
57371
36947
87183
16584
32293
70294
43624
94342
13075
48017
59134
32066
30676
17020
37744
07091
73825
95107
03050
40179
20001
46739
03727
06249
91375
48951
75708
55190
43488
25567
27068
67702
25893
92775
29105
14580
67455
51549
79620
89142
94843
54234
60800
21583
25462
75359
91067
39794
06760
29204
63590
71294
09664
43417
24848
58325
45798
81246
56494
42018
97017
64940
65859
16216
04511
11365
03425
87066
28654
33220
38854
79525
23478
26004
61642
15446
76722
41191
38209
18751
73668
79631
59934
21777
76632
74854
78777
57486
63253
97480
21168
85018
23056
05558
23837
54522
01048
38459
80358
36955
76740
88587
21350
50487
22684
59078
36190
97612
86094
14798
73963
08794
17082
29606
62644
98533
01835
88272
62527
51211
17194
41519
25477
16650
99912
66845
87766
98670
25691
63953
69655
09689
57422
55619
08617
94436
19394
17629
12176
17661
96334
01697
57064
69177
01659
04384
53771
20396
44725
38313
70270
51621
07368
26426
74868
84388
97673
78550
09314
37045
70438
98293
68472
78284
08383
90765
46286
15880
29608
17457
79922
88955
86938
03314
61159
45947
33864
86906
26246
70373
86641
16393
60291
31665
64715
80814
96065
05121
62373
50849
08648
92457
93092
09542
74301
13914
60013
11432
13691
94351
34640
90473
36811
48669
28007
69883
05138
34764
60030
57024
05244
11022
28614
28915
93345
90134
34224
23444
66488
09745
29505
64086
22634
92928
41653
81015
44675
17232
81849
16579
96732
51453
25410
98573
37062
17605
08915
35131
35753
21401
23250
71920
94144
80961
83403
43190
60075
33890
43763
84428
49463
56069
68437
23331
61930
48581
17488
96777
49246
87996
52860
84638
22302
28114
65268
11681
92063
02337
92928
18780
67132
14409
71549
25853
53199
32737
82964
20096
53763
67965
19959
67052
58344
79124
99403
88366
18938
75671
97398
34299
29978
90113
17656
52566
39009
54286
39541
62346
20300
54540
40915
04682
49206
31637
39551
42290
03538
10602
29919
66548
49823
17771
39343
20964
28413
35891
15523
33194
51036
11120
49518
62850
37460
19091
47497
44975
32113
22054
56483
17993
10255
19341
24881
38681
39783
04067
53778
90479
58925
38822
82130
14503
99457
02261
35825
99747
69610
82702
05488
58090
56438
36291
41370
20495
51044
59937
06624
86174
17281
55965
63734
18907
94460
71101
38748
36293
31991
21514
54862
49115
43780
12366
96943
24285
01903
36231
98447
18080
28321
56206
61911
19308
59091
18274
27775
19674
51343
67761
15927
95084
15860
03278
73245
74426
95927
49203
25696
10371
85397
37550
84809
55963
64972
19935
44014
93308
06112
68416
31415
14665
21445
88748
33766
91740
50955
81061
16778
52394
16229
14928
76799
49679
47614
69713
08045
85417
67926
26359
37773
93902
97680
84440
36235
88967
68871
83584
17161
88192
60515
77407
79989
37606
91080
42947
86613
94853
80694
58905
79003
05185
88867
07259
53825
56581
67668
49071
09801
17014
51908
15765
50995
09958
39551
57592
30123
84319
13357
27703
48336
31137
87173
57850
31503
24490
22394
92105
69989
09552
07202
02759
49024
99474
85289
42742
65448
48604
49211
27435
56572
40580
91469
41472
60451
18630
16083
19070
69692
51376
76357
01038
75850
43628
13059
52162
49470
29891
12992
32967
25583
23575
24173
89185
03420
33052
97733
80443
32316
07058
55794
94273
54883
13775
47551
78247
50325
30555
44759
30033
60974
11328
58342
43854
36612
73383
65006
23999
95652
50283
50118
95281
03708
06004
35936
58720
61957
01500
93530
16206
42028
34820
02241
05056
21956
63046
46210
52217
50086
24506
97190
26954
15615
06680
54492
29522
31078
15156
39411
63942
75468
93242
25694
16989
56885
33832
81858
76011
10008
11052
38842
40963
12980
09708
59662
66424
16980
96008
70495
01346
57609
11194
21550
31757
72964
31414
34347
36712
52532
68348
34791
07918
14279
73119
60980
24050
25481
69527
66096
99173
47077
04785
32385
58922
15343
54519
78435
53485
41726
84708
53286
72530
46632
25503
39874
60223
33396
67036
61612
75964
34664
92911
28501
71829
93843
92554
76297
97015
62620
83622
04285
46733
35493
54223
58141
23483
89670
69127
36329
72983
10247
82912
14889
08597
17361
82338
76324
45204
99429
70354
84230
34620
91543
21043
25425
63251
34166
09008
07871
95393
32039
69041
59654
22462
90990
59667
84527
18204
93284
94452
02914
48065
43337
82963
58696
04091
49754
55809
49008
10467
87789
77559
32499
30533
43262
66372
28005
62045
01090
86962
11109
27343
47551
20987
93541
72327
02661
51654
66681
02854
79320
88741
72571
65438
76570
02670
30632
09871
40133
46739
15449
54863
37635
11221
59119
29049
28253
48288
01596
16889
52129
41406
50711
57823
05176
05024
20724
85596
95831
73832
23371
02355
02739
72507
85630
79414
89020
92078
95374
76889
33526
78048
66159
47280
78944
67112
90538
50891
59803
47129
55682
48671
97421
98640
72913
50262
80585
70432
38788
97394
51363
95718
96381
70969
25941
46656
90736
94563
83040
53080
14592
18597
76230
93563
17764
89104
90502
30291
53937
53269
31332
52976
92999
92856
97185
99510
53077
45468
29270
40848
01614
96208
71533
98701
79213
21986
40625
14211
69655
85284
09226
73162
91304
01923
67928
45106
38766
84022
95966
84792
32846
30630
02001
31024
88973
55712
26572
17971
55118
58018
50935
28121
80559
45469
28987
83161
42687
62971
02009
56879
63613
22400
39635
84499
44492
20991
06417
56863
70277
38164
01664
87843
54580
72601
24262
51709
22976
81270
69414
90202
76591
69759
53682
23018
19732
98437
90624
17320
77724
32267
11699
70152
58657
94209
44056
51614
11321
70087
92194
48557
31217
01017
54777
44079
84037
20120
90912
91950
53663
56385
60092
21293
35828
42946
02873
34263
25507
56226
11266
52872
42194
61845
13780
51397
86880
49224
89552
53584
56221
62581
38862
80278
39545
35235
18013
95489
90764
67255
95206
99071
30617
45152
82243
71898
12992
41306
72019
10209
74282
89618
73710
90849
29581
42954
33598
48747
84571
59455
92051
68828
77254
39644
51435
54842
76798
01986
58944
17949
60915
54915
88318
59667
43125
30000
18636
86647
39553
01430
66728
12305
10764
43307
33156
62135
96960
90332
84514
90715
84501
04455
69535
82053
22845
69735
87028
13157
71729
07167
61510
11254
40726
49672
60317
71264
03577
34489
80469
95319
93041
78562
93773
50926
31502
33811
58049
44206
77001
91890
24357
66002
16935
63329
13994
56611
46228
23313
72446
53733
48352
39661
87890
07808
64241
99117
70096
91535
99443
56611
09505
17150
62864
98962
35032
72179
32509
62909
57343
48434
90272
80208
06919
76351
30951
22294
01460
53246
99560
70046
09318
65277
22121
68025
46613
96385
25938
36834
83304
46266
81163
90082
64456
48339
54676
93973
36563
06475
54256
84391
11264
66305
41036
49010
45280
12959
31026
47839
63702
87455
65328
79519
15697
48525
35786
47773
38767
56428
52786
85633
72090
01361
43912
02104
38794
10182
85466
13419
68515
56979
59721
61975
29896
16129
70581
34178
99855
37743
98816
81116
66248
09678
37377
55355
46951
77834
53845
50057
73920
95626
93799
50395
33262
07862
55930
45460
54069
33743
13361
59640
99799
63015
09499
53222
22433
42431
14778
39072
36210
79043
27752
86721
72804
39266
71512
52113
78844
11261
38927
88347
34583
33303
94617
64100
40089
76212
76032
64284
77179
30578
22950
06734
69104
88675
22403
84262
89168
59100
09065
64159
70551
33769
13838
73521
09506
57327
10391
96059
86303
22203
62309
64788
46819
66760
80159
91430
92901
79251
58110
05668
75513
63775
50690
99343
21064
97045
01423
48976
17363
41122
51920
24290
58816
28509
64695
26577
71678
46193
13154
81558
17580
26647
42870
09935
60897
46279
81452
01683
64282
82956
50326
12150
46218
73506
62140
81691
31328
89734
72617
51832
49313
16270
88544
57793
61848
15599
20613
36388
43245
81634
48083
67147
47997
97581
84876
19822
97940
06791
61368
07932
09048
97157
16442
39220
12381
85685
57296
49632
32866
17636
47505
31181
88974
46687
94377
95300
91305
84205
40303
36651
10931
21134
67917
37444
64732
51052
74554
75846
55502
47854
17550
48029
49736
33821
97632
96011
25474
24854
63802
54687
72792
13252
31599
14819
64717
21061
19485
76950
08435
12767
80206
97228
09496
44222
13211
85652
43188
53792
85068
41980
28138
25322
19406
90389
33214
80943
77207
33475
86365
91304
75575
89296
78812
06091
39446
35555
29552
92398
95706
68553
60010
37467
39351
57174
09647
38228
04190
93884
47155
83562
86938
89444
58890
63614
47796
16936
57252
09610
97031
27927
54207
45987
34313
87672
52852
05321
20219
28743
58354
07943
10030
49523
90623
83581
84102
92997
26464
55996
43441
45243
50953
90984
67368
26019
69134
37966
60712
75583
99306
08106
82571
85940
44623
97483
30634
75173
69625
17987
13902
34537
60708
31235
04820
90925
61025
45156
17598
90098
55993
03397
48080
33338
57270
03638
47280
96038
91693
80928
98205
42847
97059
23354
94271
87200
93350
58462
11713
72944
82916
87628
82624
64465
38852
65239
78245
17641
93392
51639
79697
27678
87866
05412
85265
97245
29401
02436
54555
45380
94933
32818
14021
25691
10732
75695
32164
09800
61816
14970
06036
78710
80526
33234
13669
67575
42907
21154
05985
80841
56735
14395
58636
14461
87871
92949
01282
88255
93786
65664
34005
38174
83206
11872
44122
94925
88954
89366
59403
76322
55356
82715
43042
46693
71661
60145
07604
79919
35345
99779
17460
75692
84837
14575
33361
65177
86513
88502
20608
19529
81568
09618
52126
99479
77078
11542
13457
52032
27068
18023
09612
73664
07985
42108
93119
32784
66300
03096
42926
05927
74759
89064
71636
48637
04197
59922
17998
72395
64284
32383
21353
59452
70130
20891
21748
97968
48837
23596
11935
05683
47638
68458
28283
96406
47264
94892
35174
28395
57090
43980
60237
50099
51940
68572
25900
42223
59612
30204
79070
06361
60406
13935
45707
21268
55117
77940
55043
29672
47804
73649
47901
20259
58436
32123
75440
74361
18994
14621
13573
16955
21499
71843
05665
98289
21338
04154
99983
39423
29361
85708
51992
60619
48530
61078
85280
66726
19629
45966
95002
55283
27636
22618
28739
87188
52769
90490
34072
30365
29078
34537
84244
16230
72974
17545
59327
30239
91104
49749
50753
77902
17325
88063
93242
84163
87001
80648
16990
33469
97511
70211
22677
98392
77995
07193
93793
32163
82728
38356
05039
95771
31757
25297
36116
82994
62754
06371
19826
72416
25566
48290
09775
51767
10464
33305
57268
96191
47848
57226
54093
39180
52980
72811
15031
22692
36363
23647
42907
45128
81130
54339
86069
95728
98856
43139
49555
33730
56237
57260
16829
99423
53764
88739
24882
02409
01366
26091
72761
37628
68256
82604
99353
27352
69980
07414
50771
66833
03379
34512
15383
33388
73397
66183
28081
36759
54410
30653
60316
42678
24207
49259
78525
16461
47287
92870
28931
91482
81074
52568
57011
76140
52435
25729
46435
01000
83239
90537
92385
44418
87436
57334
62628
39402
66327
08498
94948
98182
28844
05560
84661
88224
46995
58995
64844
27284
99174
14420
04582
17768
06372
75725
39933
03115
88917
21619
21645
32441
71208
40408
59877
25878
28369
97148
28013
48547
88048
66633
17554
11279
47351
68863
50741
95968
06255
22536
12505
60759
37542
60772
07121
17802
36987
31116
70460
06723
42243
63136
71109
45400
02537
73828
06059
90614
56638
64853
80786
25382
88285
38279
02443
20063
47798
23818
24637
64722
49148
14492
94546
13603
94192
75028
23134
87126
08566
28564
40630
10017
31140
35916
68891
81798
98663
91877
59362
56463
66047
63771
09920
40942
26806
63305
51307
33201
45125
84150
68111
38243
43607
90283
88764
20901
52701
21136
08741
86733
68857
12277
10620
74323
21024
88405
09715
64333
29563
34378
94221
16190
12736
89742
89116
89554
60529
76099
38461
62457
86610
12034
73965
75667
40454
26668
61581
45936
35452
91799
28932
21935
13108
34204
13990
31892
80911
02785
92520
79841
26355
61059
43262
93219
10545
67573
67375
51990
73428
03488
41337
20843
39699
06970
14044
61410
99257
43157
99869
43158
91631
54607
53332
18101
34342
97006
54941
51070
62818
25116
46388
62631
29149
32795
47252
92024
25956
61561
69945
68092
14766
58393
53098
74488
22726
44513
23431
22416
62636
06800
27152
96929
17088
02411
95917
60644
09612
68676
18428
66215
55450
37491
24709
86499
92841
94900
98226
44423
75254
58171
50725
95971
74011
35421
81811
15944
42767
39022
63216
69030
30212
64797
67957
23981
99106
62562
99214
76415
03833
65879
39727
36809
64230
76484
81808
64479
44076
51726
91740
06955
45731
80684
07423
37270
02034
90900
38349
63125
20016
14270
17955
16574
70319
23100
64174
24581
83615
29246
80273
58251
60652
84176
04790
64186
96347
53286
82398
62278
13166
51595
38163
89345
28378
50342
88069
83020
84329
64205
35169
41917
28670
77364
82785
45200
68867
53687
54801
80672
85150
05073
32305
56908
79566
39228
62268
70830
69583
75993
65211
26317
62834
37250
27706
27359
08703
45992
57325
57471
50996
33140
95229
20127
56727
40023
20057
68764
57123
08191
23738
67236
97828
18373
47983
95728
23203
66908
81901
55018
62180
09346
93616
26450
64657
84931
37387
31922
04769
12191
79362
48898
35630
20086
80871
09732
90893
02357
58860
78386
02535
21994
47565
83794
24482
05023
06046
55776
17077
89385
07104
92864
97325
29907
04725
55466
85188
26701
06389
64873
98667
06899
57019
34153
36548
64409
93370
48420
92682
37205
87692
86059
79659
11807
09490
29157
50576
54897
71602
97843
38328
81088
35565
83752
22277
44108
19062
35753
02317
24237
79861
24696
45013
06244
89810
43116
18378
48076
95259
22845
19291
70103
61850
53610
02997
17515
82917
75508
17560
88238
10418
57211
57656
85931
48298
30794
23819
57415
07272
32670
21781
15949
03339
65471
54106
97933
30832
18484
98783
44205
40118
64155
17446
05851
12744
66691
54199
42632
22462
65770
22011
33863
50822
84939
13481
13868
99430
08847
61838
94852
62744
23319
63032
62306
03205
93647
59556
15144
07761
82234
54588
64845
40100
39414
98718
49364
37692
36756
29549
64184
62042
38236
84791
43359
71051
62861
07883
65750
11178
87013
53180
20976
15141
77503
73335
84223
65601
10755
80459
02954
39613
34922
47387
77555
72507
97587
66569
89099
12583
58389
67567
11341
96109
41908
27749
61094
74582
55046
34317
59309
44315
50625
86892
58810
60657
98775
80157
37913
71408
37964
79261
45947
69212
04482
37098
37898
28991
61987
80340
19062
66539
08572
05208
24273
23949
53526
08173
35219
01437
49661
38399
54858
10179
43408
89812
19705
02395
54302
87776
19003
12452
24204
85579
14538
57404
44256
96622
29648
70342
44256
87876
61818
81973
47895
56092
41865
60084
27259
98037
16023
28371
29900
72297
97333
09247
12538
87050
19929
25843
87086
67540
28320
40875
19667
85240
81240
48310
24260
99659
98245
44097
30429
80781
28864
47887
44151
14848
64749
92245
18174
38204
51504
69906
45596
29552
58717
55129
68233
08800
22954
71087
08836
27058
22377
69303
20516
62348
14775
09700
06360
61906
86604
45179
91925
65921
11781
33710
08266
47907
69128
42005
27144
29618
86859
49083
83417
07863
69844
22285
20714
84685
20977
37721
21797
83796
12641
59590
62535
34250
36467
19800
70407
90444
77836
60831
81816
19992
80979
71096
66904
72874
88189
48826
66997
99691
45630
37480
60950
74437
22329
49106
36884
59685
58531
19787
11330
13422
28925
36252
15722
54253
46080
44258
36282
21845
15600
30831
21738
92255
57825
21781
48780
72211
30316
19697
49643
37128
94650
77965
35432
55638
08085
12691
62003
89317
07863
15929
58197
23476
25222
66490
11933
49676
31531
59834
95970
40850
83675
11606
06518
67624
48394
79880
26931
94900
33840
72742
36701
46117
92620
02064
63224
83825
73515
65161
57705
66659
33691
57331
43331
70006
98436
47628
45267
15726
83405
59034
65406
27983
04484
44832
93591
10001
66809
57413
60570
46364
20703
07127
22439
03410
32874
26394
50193
14783
99534
17328
96423
82601
82702
73407
79725
19390
77296
43282
62684
05591
71697
67729
45729
55100
60981
55921
82243
04241
20992
63435
16986
20997
97105
10427
81324
12614
11081
42698
12613
86073
69031
40651
26195
66153
47857
07659
12681
03894
72761
27868
49532
03360
24043
58428
09761
40472
85327
95000
75855
92547
56079
80027
39883
93250
23577
83669
27527
42003
68883
30071
75138
34596
74568
05354
27628
91554
91302
04726
33508
06329
52851
57913
33383
44944
83029
41779
21130
48136
52988
77692
36162
02419
11994
13267
22881
63123
26973
23586
05670
75708
57366
70655
64297
23417
99645
90666
77759
93165
60912
60210
79329
74428
36152
05472
61896
74472
96605
44477
26170
98377
90627
84814
16290
03085
72973
93709
31224
39032
39073
22102
03863
31706
69452
66832
80305
07183
89409
37570
30892
45457
05013
14676
60372
09598
04640
56600
31322
34165
72172
39163
63134
62074
45480
04840
85775
32853
78789
78536
30961
65790
81742
13916
74996
18835
72988
88576
65792
42500
07288
17261
46871
74807
78440
73746
45213
66385
30815
13548
34163
70124
25345
37587
04912
95880
99367
59814
93151
94290
95689
16978
17489
14610
10776
16990
09905
50325
64684
01598
95415
98438
76921
32032
56258
10886
92970
99717
42893
86636
18396
57801
82895
42034
58375
68983
11167
66970
75073
30871
18903
03220
72747
97474
56996
74332
13752
18605
10549
67533
06242
21935
18836
37314
13953
46564
59065
67135
29598
07682
90516
04490
16680
35067
10098
51522
08051
03573
21486
72324
28576
14821
81547
92435
82757
92658
29799
85803
04988
31440
09642
79402
38342
60233
45573
33983
79348
86595
76704
01162
07746
97153
39626
73401
58860
93684
04660
77009
20639
53145
50334
47830
44730
20796
19189
22062
07639
79259
17479
91066
32741
88403
43487
57431
75549
96939
11142
66896
23530
80720
73528
34795
42304
85062
95644
98926
63722
43907
19834
79577
74883
75548
39873
94240
94647
09033
84376
52326
35611
28854
10193
30925
66091
07661
64655
43064
94766
99621
64572
25098
46065
13282
43685
81984
52918
93647
96401
44923
88623
19806
99264
55990
29906
66957
80928
16741
91344
43288
12067
98223
87061
36704
75859
81582
68274
34909
80595
27390
49721
98229
35503
57148
40784
80096
24282
68828
78238
72439
64610
60960
90368
03759
67745
41658
68543
87957
25399
08903
09905
74821
62103
42148
10712
41760
01176
71613
27668
03054
87645
88638
07841
48695
56243
36589
44091
43584
33367
28255
93009
46220
64992
10689
34264
43001
82043
87985
90344
62422
22917
93550
42613
01437
49703
96948
63584
92799
53843
77010
53832
72172
45681
36266
87803
50452
03191
61187
96207
64107
68871
54494
31116
33711
21038
94851
96131
03192
26584
10886
15794
70575
25396
79294
01395
30046
25850
21237
10069
70595
68333
55781
52355
98928
98625
33880
77476
38586
21672
36987
77630
63433
65458
58258
92280
46870
54410
94173
83843
28710
83541
21475
13859
75508
62256
64021
41759
13006
97731
53151
48802
84751
17814
27144
01600
35704
52160
58860
79899
29693
15986
15967
43712
11950
69572
15861
40345
13077
68529
35297
46054
14488
17846
09193
94860
41307
36323
42712
39803
76843
72206
09796
08641
51785
82808
18105
06008
51026
27807
13587
01921
63513
59018
99441
80493
20270
69578
87821
50631
60905
64270
96384
92779
46673
78489
02584
86202
58462
14445
62430
52204
52967
73850
12143
26379
57149
39779
37788
29953
93115
49372
69432
50198
07159
34199
33759
58234
67165
85402
01407
17591
93985
46661
18966
02176
70726
40788
81681
11990
86141
48772
50360
93489
42010
66391
54410
93530
77498
82687
54193
48167
03735
08228
79191
44364
12584
39898
60264
79665
11564
27285
13171
03605
52957
74874
44168
55792
59901
66601
61040
61697
09453
62057
58369
06347
08505
84430
71557
35783
48443
12076
56278
53062
69176
84949
84378
90289
02539
95167
51653
13834
89654
95646
69904
01973
25579
34814
04756
60914
61587
51400
20645
15103
85356
74211
28395
99617
84047
82723
51017
12667
74445
07317
86993
06989
10762
52325
60769
91364
96947
65633
48800
52304
63550
14700
78842
42448
87891
11953
47506
32539
26041
43715
62852
83195
77392
47872
63634
22633
76512
95672
90302
46763
16084
99078
74470
66535
75632
97440
15824
49708
86449
25485
01565
09299
65842
99398
72795
04682
59744
37010
61176
39481
03998
06687
22127
35586
76353
35782
05735
78331
30799
31727
61260
16247
04142
36757
28628
31489
79446
90839
09807
48161
15355
38390
84580
28506
57835
56539
03396
53849
58888
11352
03789
09759
33988
85505
15736
01546
93656
59735
53294
74076
98048
86773
54915
32315
84711
11254
33346
05592
25800
16547
18018
87450
20220
56598
99750
45402
72924
99532
71010
80809
69247
73002
40120
06618
63610
78881
35789
12047
23335
10639
69163
26582
66066
73933
46729
30602
34202
16076
95160
90275
82049
29241
73742
18565
78233
29087
46245
05270
18550
19746
22521
72063
04526
42211
47771
92552
32053
76182
59928
32240
28266
72427
46212
24711
01304
24021
36409
94775
55423
35927
25059
69910
81201
70639
84352
68260
56634
31256
38527
11435
56208
26016
16056
61029
23043
27686
25196
45503
37343
68223
65564
15854
37131
92996
45602
86007
79191
07364
53269
46055
18435
89084
87485
38215
37184
96574
38907
39389
77162
52809
36102
46871
31358
08530
37569
24471
59173
50390
48717
31737
99901
01574
65295
54215
90296
77628
73136
47671
21293
93791
84668
69812
54734
39306
18048
02265
94656
37220
69365
60257
13813
08881
05718
91992
06093
04244
28460
45247
44928
56173
34729
06788
99360
35472
89314
24496
33443
97960
78595
68587
38358
40695
45533
15789
35847
73940
63987
21624
01038
93860
20450
85558
31794
16108
80840
47160
68333
12636
36595
60244
18922
46544
49374
14066
95827
50126
16016
85715
10571
09868
75253
62651
23587
74857
56087
11255
76622
16377
73633
53166
99239
30818
83922
78007
62263
09102
50386
98202
89226
08188
19956
75402
27804
45538
35057
15204
30222
44160
47019
73542
51175
53589
85972
35071
73813
90585
80815
51616
40585
30438
66063
48432
10092
88995
58541
45063
21332
25858
54511
90632
40390
25924
76000
40734
45594
39427
16375
95751
92627
37460
84333
72513
85261
35058
94400
07946
36797
18101
17207
85403
02942
73758
34730
11830
22022
56910
32830
06056
80450
98965
27993
92825
17590
84642
82777
31999
75026
05026
81270
34313
49177
22115
68429
22618
55903
95453
55117
19639
50735
90462
93654
42249
28031
57783
85627
38366
72424
09910
93101
94268
40107
50101
63050
28970
41826
78850
74497
56120
07239
94668
94627
38487
22613
77435
33798
55034
13735
78494
33408
84573
53605
60865
77962
68861
82793
07871
53108
39474
42217
66669
91351
46791
66304
87072
23667
14425
16288
22221
39856
21971
61107
24806
50690
51111
63167
20802
42143
14956
01692
24831
96728
19546
95079
79260
32119
43113
48756
28799
34299
22951
99538
92829
95245
41802
39172
06955
67168
36697
37178
53821
34052
33589
46043
03924
26489
56823
16570
17896
67870
04342
17751
87524
07878
35695
97117
70941
42355
47924
04208
87333
35395
86794
39591
65184
45846
28998
31956
53351
62377
40619
74155
51080
85566
62994
58218
96936
10022
85638
68832
97237
62011
28200
23999
45916
91475
34145
73436
99464
38752
81919
74842
54416
44251
52371
51737
71445
15498
41594
42276
90787
10521
33428
09732
18173
82312
53437
93720
66408
33556
74890
95801
73880
52404
97662
32575
87976
55559
41135
55788
15962
09859
49790
06342
11892
22494
66266
71407
84370
09985
94287
53836
52306
82921
81155
08700
70830
34356
97983
07572
67561
93734
80121
60749
87784
26220
30497
35494
44808
79261
77922
76371
62912
66024
95208
23292
87568
99001
36807
69165
92894
05595
06145
65219
15290
69033
45084
29515
41103
33091
75366
99572
53048
47254
85975
15722
45147
27349
92634
88527
19162
99060
56987
63802
10589
08413
63582
48446
87275
43264
89354
69612
81042
65638
82690
49592
89135
71649
69428
11797
09436
09643
12950
49955
07208
30909
74598
39338
97695
37534
79278
13641
10122
98268
65053
08229
77807
28592
35055
02227
81231
07592
17047
70272
20016
34468
33620
25891
11185
10986
23040
78032
75489
24014
16822
38792
02909
77273
78258
15254
64397
04692
51039
13727
42300
99415
14704
40343
39440
83731
28499
78939
27225
76784
63166
84583
57290
50877
44607
08403
81301
33304
39246
41204
12571
41350
01518
60230
44232
55580
32588
17292
98486
29241
53140
30702
01392
82374
24110
89886
04257
48192
55194
32993
83341
37254
51375
69594
92867
16130
63507
10481
87594
44182
39090
30173
76234
30196
73380
78710
30701
87732
04737
06501
91305
87579
40688
38834
53430
47993
80406
76493
29648
32201
57157
98380
34676
76038
24527
86876
45886
53395
22141
12895
27326
80001
64285
26849
18089
51003
18491
54397
08518
71596
79564
85457
13001
49563
27349
03779
40373
41248
02580
40413
55782
83633
66114
82110
28048
84224
94526
85186
70697
55166
66412
08588
72265
64104
47317
10793
46964
99232
88287
55270
87091
61053
32224
28061
34143
88715
69179
69595
31510
37574
58380
78353
14524
33575
56636
32816
89706
70925
11225
37959
80027
57719
40078
21799
20904
74403
40164
90515
87077
82384
40857
77000
04404
36954
71266
73019
60050
56511
93656
93161
80850
82263
17307
63539
90213
83486
24223
59574
89821
36590
18492
08319
97125
84766
59217
23090
32796
43722
23121
71029
08035
94175
15326
53187
97193
45258
25027
89212
60546
64328
49260
78838
49401
96239
94174
51434
31167
65607
70796
94995
03239
61692
93906
54931
14295
37512
49526
60523
82619
17942
38486
83543
35915
55991
95659
66669
56358
70080
38813
78927
34366
26779
54115
13187
86771
08923
72993
46754
75841
81379
66328
57885
03681
54117
14216
12436
43796
56446
14697
84593
25198
67688
22375
95063
54090
44930
94477
49400
86655
14129
06510
38381
08010
45407
95192
93889
99203
71399
75045
50091
93002
60791
51039
33193
96723
23720
46344
23090
64777
29640
97565
02490
31251
55377
92836
55970
18399
09080
41629
67719
26417
20429
15944
48933
38926
52696
30040
73177
65626
63834
74941
88529
88639
44883
19167
63686
80763
47944
38759
97609
96913
57569
63447
10233
28227
08680
55350
06180
89457
80900
86698
95779
63455
05655
93981
71413
16335
43854
42663
14723
20650
44419
67076
21458
90019
80051
72765
09247
14408
34493
56738
28958
98002
39548
31564
08055
90906
25330
76941
25628
41080
82336
49490
39580
39823
84203
17225
93531
06180
04773
96712
49854
72946
36190
13498
51709
80335
48731
94354
10479
98562
70309
66993
45035
47286
62909
65993
61681
99298
26766
01257
34959
30426
91031
42336
64174
66353
87154
50364
77844
05405
61598
02932
42958
97229
78327
36241
03373
97782
18380
35047
26032
94695
71795
82029
28541
15354
62570
75881
02065
58896
98128
90030
78124
21255
33146
49665
97880
11018
72026
33814
66321
10004
09316
24575
88961
68765
29785
25387
37828
29265
74593
51877
41589
65613
16867
46639
44370
72225
43201
42509
94138
23346
10492
94292
58448
63434
93774
19622
53020
30727
92953
98374
39093
14431
86225
11052
85975
57610
85777
19829
91917
78400
48284
43075
23535
91503
07347
43300
29151
88219
38454
53792
66806
09377
72945
60765
54582
30526
37261
21829
57122
20727
32917
49670
89953
19912
18264
74556
06055
34271
45349
66645
62490
62462
39358
06197
28872
24563
07233
43921
22715
59848
51298
43068
78320
44170
13574
28679
14103
44655
66305
89711
27713
04589
01770
13879
34011
37184
18298
74971
39175
49455
53908
48794
75752
93062
01746
31871
61693
16775
78878
06718
11598
18505
54095
97150
38418
15102
15837
94071
51348
79252
69559
83503
74751
31869
67423
92809
01602
16060
16269
04917
52905
14798
38108
16679
42874
70300
89507
45540
21566
13998
03243
64431
73830
46114
28740
93241
43059
89924
77266
61708
43088
46170
37134
73137
07153
89890
29628
02138
30998
85438
52107
89152
81761
60180
18021
71781
81964
17154
43952
10731
51961
57322
03538
66561
17250
66040
19509
99187
93644
83131
91257
11340
37497
58320
50605
06257
18841
77862
47783
08915
62575
48382
46846
24492
79071
68464
20098
88435
81329
97608
07058
63640
37826
72766
93568
92753
17585
20824
97930
97073
98940
07846
99400
76901
50420
25598
26612
58926
36105
05264
49490
28236
39792
42324
91581
22094
81590
17350
65339
35169
12329
30238
46793
48357
35704
78117
26700
72430
82270
09210
20071
31407
28892
88297
27266
70916
72173
04198
17355
71728
50621
88910
05037
77683
29592
08893
53511
33230
80197
42969
60152
13039
75682
95726
39277
53790
47518
52755
28840
77515
26219
80856
90380
59246
93556
47537
53797
54872
54037
39077
56281
20818
32794
36368
50201
06292
34656
26475
99800
05150
51693
100000
77970
01846
81970
63726
72593
50698
87156
87622
87662
51627
47107
51708
80067
75053
93749
66849
05826
21632
46909
35352
32261
62868
10727
51080
61536
51957
76632
96330
75983
31048
22597
08764
21056
80308
99187
04639
63801
19391
99579
18609
13663
64339
02563
09516
96098
53983
69179
59162
72160
10910
71102
73565
45500
69572
19196
34659
19385
65131
09353
29907
12799
01422
61388
48685
81004
10241
38000
38771
35741
64869
34059
75968
72525
71254
09455
49185
27185
69045
44859
32129
70034
65966
83746
41644
86548
57126
59001
76687
47003
75375
68997
24969
82972
08224
12278
76015
45630
13912
29389
87188
78824
06985
80332
86925
68254
99485
34097
16594
12291
90767
91447
27376
17933
27289
08276
52903
65688
50147
32025
98041
69063
84503
88386
90823
43050
79396
03592
24875
25302
66036
99418
15243
81766
25387
29406
85215
17192
80493
51418
25838
76070
81021
94677
16344
76838
08874
49665
43982
75394
82763
52764
14181
15559
92604
24101
28933
33750
17304
84323
84357
73117
37437
30139
90552
06844
12319
52649
14379
77255
10905
65179
78438
12672
40999
54904
09082
29465
45256
05731
16204
75332
30734
60211
30955
70750
77296
93203
67513
67094
24925
47988
45325
88826
63360
61625
77366
76264
82533
19764
56998
22175
78181
57600
22082
81854
98815
39519
65185
86099
79453
56868
45559
44525
28452
36513
95896
81789
40467
12525
10517
80708
35924
56249
20183
33894
74579
29014
16715
02715
82532
04390
86970
50617
14653
39892
35020
42492
04712
46739
98338
63208
59259
56636
96833
99923
47912
02569
48945
02751
53775
98128
32246
21514
37435
10891
50849
54037
88619
40910
22699
20542
37315
38332
12733
44583
74524
08836
67138
07916
71793
07054
54491
12800
50418
27965
14916
41678
60201
15065
79676
33773
27525
87032
41003
08782
31557
62898
29906
89376
80658
03342
52426
91471
29255
63509
80625
67116
73308
19220
67913
92512
49338
54847
01782
41274
90707
97202
30140
92225
96097
51960
81889
19655
63614
71700
09297
58176
16216
30374
03922
92758
86453
70350
02656
58874
56431
10592
06844
42111
60900
90365
62392
23061
38724
02687
04534
53654
05894
10598
56667
77175
24425
86434
16506
60745
08527
33247
58119
57981
56120
35777
25862
57565
81524
81580
22928
58823
91314
54278
03846
19349
46881
35692
12808
74676
52872
28948
90724
73860
42733
01938
65618
97755
17536
90524
85884
59512
47244
85658
01924
27605
90337
52287
19277
46375
49472
67200
77755
22503
25595
81192
68550
24815
35252
57980
11136
16657
28291
89731
91260
40107
45620
56988
44505
91532
32850
40620
22528
33484
27391
62773
42699
17984
46907
18555
11881
17724
95417
20031
07807
28095
18829
48334
88752
65335
95366
59672
19862
58377
30293
35221
41976
73707
48949
53110
55734
13491
49806
50995
31177
78961
24974
06603
98530
40243
34776
08004
81326
81094
59575
79371
41526
80055
90074
70110
94644
25726
38043
64992
86245
56606
56293
67464
47214
01403
57558
31958
87643
28911
63498
72782
08965
85823
04206
48151
38944
32685
97379
80817
23389
58956
91616
49115
67455
50192
38710
59737
75897
07522
45025
68058
39768
65679
77656
64517
59231
68176
51747
72523
63524
19293
85990
72267
93184
25482
91754
40625
86740
15974
87529
74778
09987
92285
54299
44892
52280
53173
22296
31197
32487
18934
98567
10701
35763
87682
49396
27825
34819
46829
03114
54652
09615
34119
55741
78479
52557
65868
50168
01913
34366
43180
41995
43582
22023
37833
75352
27741
83054
38091
11314
01500
58286
22870
16404
28500
87355
85246
88315
54327
59698
01431
48137
20436
92345
54773
13283
45041
62014
34736
76301
69040
10884
10711
97769
40786
56969
35739
55075
15539
21401
49142
89497
29714
95142
73247
17775
75958
32378
29326
73496
25403
49482
27077
47172
03968
43298
17075
09076
42275
74019
20429
81037
57787
63116
64649
53509
50718
63091
37215
45327
19206
78372
65514
24701
69634
20083
66058
68293
90772
77241
93583
52106
83965
14234
44279
58741
08783
64926
55700
16601
66399
83491
81629
80600
68676
14261
57487
58904
27232
36939
25456
73938
70336
79504
29838
82251
59071
87085
02775
37996
36881
09257
07361
59638
28132
69197
19433
83462
96596
27056
04468
15032
92475
40692
26928
73248
17754
42967
65577
03515
97502
44380
89822
08575
30919
61017
71708
82703
19229
04967
46455
44848
46430
49534
08173
33933
16273
96291
02278
36772
74105
32108
72085
05066
07127
46723
93635
80476
99161
63050
94327
80891
82002
50012
09452
54388
49150
87396
63129
29909
29792
94315
81194
41204
95892
74293
39276
57277
85758
52619
44110
47443
41843
69553
54683
50415
77570
06048
30240
81872
83883
87359
62560
69334
86744
02327
84683
31070
77577
30963
20377
39126
62126
35200
39305
46138
37745
59925
78234
24378
02385
87221
08457
97757
61081
48911
77861
57535
75055
53219
50224
03510
23157
37902
02162
26948
30476
79560
53751
53532
25466
85044
76994
47936
16248
86102
31863
02126
27786
22824
43958
56072
27603
53048
18072
53314
23443
56993
74540
45380
99844
25937
04109
29797
94991
87155
55767
72772
71921
66164
62810
45979
33974
84561
80769
26528
23897
90358
40868
05315
21580
49938
34707
79647
40420
10396
17693
68631
71442
19832
32898
39714
12691
80765
11054
42683
83091
65113
65827
94507
22126
21227
78778
55840
22995
78966
26802
65557
22814
86815
93949
81612
79706
93430
53764
02569
09688
51234
51370
09818
99352
51116
24390
13125
15293
34283
50527
48919
40816
45070
60440
83613
75233
75219
70659
38629
97443
93645
85963
89246
21718
87092
38330
98397
06368
80065
27195
85595
96869
85118
14776
26271
12799
90627
16210
16812
18505
80313
68623
20476
18327
06531
09329
58966
62092
09808
54498
63888
20098
02158
68117
52097
22028
53051
35467
32858
24469
32701
95809
78228
82025
20082
32527
03265
50806
70448
04305
90444
93616
92461
90066
35300
03490
26905
46820
14666
95471
99198
76620
34517
93223
15741
79274
49794
61066
20181
20781
80825
70174
24530
82553
58449
29774
76077
84030
99051
28124
30868
51370
46245
44187
57907
48288
47810
33041
79164
99496
21041
46058
59367
65938
83142
80362
26462
36490
46838
22663
08193
56501
11477
41804
01666
29957
12148
76204
84620
35379
07027
78683
25030
86553
31558
31974
81710
41714
36204
89608
25828
18882
34656
48798
27079
63561
94148
37893
77816
06433
88292
83913
40663
84325
43836
03373
53379
36387
77159
85114
17636
34048
55668
73225
57117
11787
02962
38465
61887
93684
62789
73028
31442
21853
10890
85953
51246
78005
27981
60859
73028
98854
89622
42078
26503
01046
65062
14541
96729
12828
71783
61616
26263
83577
23074
75753
84626
18271
89409
32021
55164
03012
34898
25663
59585
01433
40399
70159
37953
91084
86613
09642
52532
18942
25195
84021
11500
06458
24624
43394
66105
89563
58316
69106
20578
42502
87669
50841
83663
96590
68413
37254
72675
17239
44726
99882
43073
70285
86701
46177
24968
19497
04401
25045
09975
76985
28467
16251
90287
62549
85555
70465
51595
90762
73631
71050
21334
73917
50871
45940
69093
70682
63945
75099
81002
22447
32901
83234
15880
40019
52433
54416
35307
29012
48425
85288
16785
51590
45386
64272
36920
74892
35413
43564
26633
04186
01235
03643
95852
04050
94370
18336
07036
23621
81027
40244
03719
27777
55369
89945
89151
31725
81496
64433
80365
96513
89211
67445
85647
32433
74774
94777
90796
64216
78461
09995
13100
35229
75509
07182
81779
81933
29900
31251
04695
82733
57754
04985
40950
31972
57791
07595
74565
04666
83729
40657
50152
84118
69968
10633
33967
51077
55073
88726
09609
64696
38781
18430
56542
78435
31761
06055
10791
38340
92349
70706
11447
04159
50109
33704
28353
05950
78008
72341
53075
05831
99353
41354
54057
27261
47042
88262
94975
81379
46722
44146
93874
03141
01843
92571
99392
72216
11307
39171
14193
44236
96208
52124
17652
33310
74531
66671
35688
74900
91775
04928
47637
72858
72655
85110
14114
92004
81928
45797
74708
08546
39653
58862
68168
91019
72447
42994
85516
13601
80531
53563
14597
86239
78075
50360
48781
44085
22777
28993
10414
19966
68514
30527
73865
02499
31401
65742
31707
10239
20354
27798
33820
99709
27429
19181
46382
52727
67969
94326
78353
59021
35530
79557
69866
79999
87473
65327
06016
09707
23350
49240
61124
71007
10765
11903
21767
30908
87625
34981
98259
46304
68316
10399
24894
18810
75773
23983
42470
04347
91883
59165
32167
59096
55814
85323
08323
40262
39092
52174
84580
91540
32958
57019
81584
75792
44878
96081
27601
69433
19525
60749
31670
14921
70780
63509
44537
45271
02019
30533
90401
26747
77843
11643
09934
34267
41456
94676
02419
35036
44433
52307
09819
47377
56746
54628
08598
18049
53896
91407
98132
50506
75288
65792
14731
18811
25352
11485
57086
77761
99560
56475
30040
94465
57182
69589
82779
58763
97626
44385
26242
15616
42535
27064
40609
75903
77018
97556
08274
62815
67305
44423
10519
77023
61782
72886
31150
54710
06552
28107
01460
36880
05060
03692
67715
39732
90823
48684
19219
56967
31722
79253
41559
12035
44808
24245
69703
33354
75044
29397
85187
85998
36301
38332
02223
51381
15595
29433
35557
96699
15244
78172
43693
59023
69512
20576
16802
25228
44291
57939
05979
96898
37812
67354
38932
51782
73125
58952
96221
90966
74328
17725
95624
96143
09193
86502
23956
84175
26770
01044
32504
64245
66685
62192
45304
93186
06393
11979
21484
22725
98143
54403
49097
49862
53744
71152
68433
53006
84853
43424
10535
37478
37193
62658
58942
90483
49258
43461
66137
74491
70981
43804
03387
10238
04795
21573
97699
91493
96642
73485
35432
91802
25536
01508
09979
06193
07739
10744
92883
10259
05759
50608
17005
80122
30232
70571
10553
19043
47730
12752
57962
04217
60445
13645
74439
42083
27757
96693
24307
96541
91801
39928
48792
73663
18422
36939
17263
35469
82948
79482
92406
84500
20523
02810
12659
02028
68200
65316
70737
09185
94471
49180
06410
26484
76484
18376
91416
66840
43457
29458
27033
04655
95868
09951
11555
11774
04328
31539
93691
59254
17202
08692
39370
49829
41486
31354
95287
11359
53846
68918
48348
47595
12861
22084
84050
13215
75288
24955
14222
59430
36898
61059
76275
68136
17188
32210
33824
56856
67797
13180
55250
57103
25409
38305
53834
87744
71103
03600
84238
56097
95366
31898
23188
50713
19780
96838
90474
39822
27483
73693
76089
59242
69416
37898
96632
12615
96184
63467
49600
88467
54281
98139
55890
46332
94066
67030
45164
30074
81635
17935
26988
83984
49961
18506
62028
83592
96222
06594
83578
61233
29700
32338
61668
33544
27790
67619
81226
05944
98080
15086
76075
47762
83616
08225
87748
69197
58534
23350
70444
50426
99149
83207
06665
66498
05697
15829
88144
13236
48683
40364
61029
20145
52125
95455
60152
47278
47933
22937
88204
83786
03817
73831
04402
81233
51275
18086
87421
67016
40530
23204
40838
46882
58533
62140
49104
50755
65814
23746
63283
98167
44443
20236
40901
61929
46839
17588
47840
44203
11882
35957
79804
97995
14837
35758
40066
87927
75538
10730
43093
54010
09427
58294
77274
23976
25615
60280
21628
64277
74549
40570
19760
21253
37715
46455
21654
66366
10465
36713
32786
09815
13075
06049
71975
77284
33980
07531
45999
09142
36455
05414
55017
89311
50911
71564
91939
61018
40726
70156
48677
89514
65916
82868
40946
96425
21330
95292
43663
10894
99164
46273
96552
71536
12716
62643
64873
83813
76477
62927
22083
63059
12944
56476
32141
07367
09726
33480
22260
02408
06606
79335
55989
54080
83110
31336
20646
21754
18281
31949
13424
51019
92937
72676
06831
39780
04452
73703
51710
10928
25384
28984
19480
31332
95415
09051
05657
76395
87537
53237
13337
56589
64156
71580
83864
24175
82258
27027
40504
67261
80740
98085
21217
66401
48169
98414
20456
03023
74764
89691
89899
50320
15180
11796
08743
23713
68414
50410
83790
88808
66958
36002
51844
11629
69661
82274
86194
93019
28938
35763
60753
89628
52496
49354
82043
91181
25424
58100
99568
27030
67752
97238
52497
42958
34478
16352
93909
46837
37806
32291
02701
83139
85903
59795
65426
88671
02657
18418
25329
26567
79158
01662
11813
32793
78543
40805
86133
12501
58943
12139
76688
78487
10209
49404
97744
95377
91407
77056
21405
77504
58867
79799
98152
10123
43816
45739
61030
60930
82937
40598
38435
15556
55489
34567
53148
92364
31095
22267
06538
02684
63298
54727
71187
85073
22056
27651
32798
93118
16938
65831
70396
82172
09112
82180
85073
23165
67277
41528
93067
16833
50596
41167
39499
93711
88931
48045
05101
57390
27392
08997
68454
07349
34569
99953
46677
96551
15778
16649
86955
47117
62352
52620
40179
20728
83667
40861
94815
89244
90248
74427
84029
96210
95990
10784
51816
02133
37316
37262
14460
18998
39289
85937
47012
84105
64402
38619
01556
39916
30195
12428
78714
74911
80493
15136
50891
39976
18244
96863
30400
20526
41841
31857
68761
45271
42316
66108
34988
93501
61572
30184
84925
84289
20731
63456
75008
30687
93141
85813
32278
40503
34251
14885
39671
53238
86702
20138
83498
86775
08790
61983
31624
01005
82977
42686
11830
08681
75700
33306
83892
86372
44728
53055
05784
32143
62796
91538
23273
10400
33832
07937
64808
21952
36426
19952
65078
27437
53316
49996
60512
28766
83313
21007
44554
08116
81324
52871
92415
52394
74116
70074
95513
87775
29499
88890
98102
28476
77122
44257
37683
08243
76010
14210
32888
67449
40045
22584
55164
40140
86705
16885
81902
34134
77135
06528
95895
60225
97189
07352
86074
13101
87508
38187
08091
66148
82718
90243
21464
76563
63339
98077
75865
93738
60233
37015
66809
66795
14867
87478
07220
13247
59640
80196
96772
71330
82502
49938
43902
41213
60181
47391
18502
56026
18261
06894
99151
45959
04910
61811
26381
53250
22964
05727
63372
14276
29364
85635
27373
91549
79811
07696
78733
68552
47098
56323
75688
48392
47449
74624
01414
10906
24639
78511
55085
12597
72869
83824
44972
07377
17769
49356
58414
68010
45250
90561
01669
35208
37235
28766
11735
58363
77617
40910
64636
43072
73210
35549
50184
43157
09990
32721
04747
02785
60581
37454
71789
01186
65453
26346
92728
96771
32870
52168
83406
99078
41832
26762
71813
11152
99177
07239
58381
67104
66885
83527
90116
12882
58461
87821
20335
50387
95818
43179
99610
91548
51268
81042
44997
96421
36171
31678
84219
15472
19317
76296
04153
57013
98969
28400
08524
74556
49403
64578
86736
85997
50096
45510
26859
77107
89336
49793
14935
72099
77307
40465
60758
54599
42682
98405
15035
68411
36815
45607
94714
30189
45039
89765
09454
66602
83864
61509
48891
58425
60517
14582
11932
26140
95648
78760
09155
80626
46412
68349
22789
92341
75479
49696
29577
17636
15391
42816
33869
54402
40873
01147
02654
38551
74622
91320
03302
58935
68580
36092
30955
27053
98005
67836
01039
77993
24352
19055
28970
44378
40842
82864
59492
36053
43637
69586
52557
17924
87221
08826
23972
78067
26219
65098
67798
62069
46214
63110
49778
13461
98731
80652
05946
17934
11476
06236
43666
40648
07974
10781
15220
42854
17533
66510
92679
70860
54088
35477
19848
53717
62743
05352
69166
23710
76150
84820
40250
76196
10116
96792
68779
04447
26917
33177
89486
88544
09253
83276
88090
23543
80034
10813
99832
97238
38607
27950
42492
74679
80001
31704
88257
61265
09246
03390
90891
60668
76428
42079
26692
28311
77520
07478
83139
24681
24693
24150
96949
93149
36147
45461
33801
17407
60135
75684
59973
92156
79100
95410
79768
92790
90814
41025
52191
67082
54569
42996
19574
68159
03697
96059
01881
30054
95895
93062
85548
89812
92012
25012
83291
53172
63947
61453
27389
67236
14827
29620
14091
88513
74635
60104
20312
31889
28177
18561
65986
86538
34727
23504
90869
05175
69622
59522
16891
61193
69588
43690
50348
89190
42427
40471
86897
05089
38741
72593
15483
37988
16726
24482
79395
86571
08067
47523
26924
94444
03342
75842
58189
38825
90054
83768
12491
81123
23348
11218
42243
53195
58041
51522
81422
14790
55329
08071
62739
52590
71132
90861
82441
68482
48783
27226
13299
54417
10821
44210
57704
23822
25619
08475
44373
37635
78874
56882
32650
38390
27052
70610
32709
42426
07553
42688
62683
07150
58090
35791
69493
54070
59415
85732
98368
90927
13344
26843
74823
86991
31497
91363
32423
50756
79267
61918
93377
44370
61876
99199
30977
87459
22228
12450
69036
04091
54635
75618
66566
64129
25385
05576
80888
90004
16998
91924
26308
32438
13356
28224
77639
53711
92920
30512
01828
36813
15172
18661
14946
33520
24883
20503
33592
19626
89587
11070
85053
78206
43606
05627
15634
58224
84564
93916
64967
57150
15364
83939
15624
55697
35563
46045
83756
04761
75747
35389
57441
70290
79258
24383
12843
01142
38379
93334
50674
85638
43213
94601
88632
05207
93203
23498
77668
74490
72514
70134
93817
84998
20421
95436
87674
53693
50038
66706
83090
84314
73977
88581
74811
92468
66317
49620
95501
04700
55764
56315
26306
42349
93487
70699
99934
48065
70868
44499
34508
30128
92021
41346
89342
04646
24068
61474
70441
38756
56985
83852
64693
16350
77922
53640
20081
30756
40994
26182
70715
72758
19049
17171
24205
29849
07321
33577
04357
61563
95713
11442
41614
90613
97742
95786
34835
15740
12419
46386
11056
92857
56758
45347
14846
10213
79795
53733
58356
97615
58808
09260
31134
01218
41146
53961
80530
63659
84264
52463
74188
79913
34893
54005
01296
55128
19670
67998
19292
79313
87974
49922
85152
71308
18677
57538
94974
37936
12767
26423
79770
63597
95659
37472
10667
41938
56335
35208
72841
71546
03148
31822
27126
68382
38069
36993
19642
37840
56585
53070
15670
96318
33535
66179
90562
54052
60372
96925
39401
93354
66145
28672
40926
01798
48455
11788
82481
02068
39524
96395
16174
82598
42693
47636
13701
63216
71723
90152
36720
84058
51556
61812
73820
67289
58479
88447
67054
06375
42840
90502
22196
08282
92007
03749
13584
26999
64182
12346
45744
89158
05934
87652
51767
12802
33008
49616
35203
82146
23949
47770
09904
69820
34885
52562
11545
86795
25045
12525
94881
24181
06228
50924
62558
81593
53506
17479
47805
75631
84281
50822
61288
49595
99550
91435
65012
94719
09501
34609
33835
42001
71182
55186
42584
56313
34688
06237
91663
32801
36565
34754
40692
07120
21458
12349
79654
47110
61196
17880
05531
60636
80156
05484
94429
39234
92952
16653
81070
65935
33950
33671
53688
85406
53663
52026
34933
26327
88643
66994
05997
92867
48512
79140
16373
71260
56431
05890
55675
99170
45715
97006
93422
50240
16950
99368
21863
54634
79533
79954
27405
39113
65583
43412
57119
40044
57306
29726
85865
82748
61048
83901
09343
36389
88950
48781
05648
43994
46720
45393
40421
79161
87289
60141
57430
07590
15758
29410
90553
49452
97616
79927
29733
86579
07389
76464
26559
22630
65830
57149
15603
14038
78955
88038
01166
79254
26589
17265
52870
49061
42205
53758
35248
41139
93390
05196
55534
33357
32849
51640
55936
18068
21268
98978
58835
80391
21366
04982
19522
28698
02266
57504
07230
21618
83276
97161
35464
81669
50279
90010
30647
80788
31387
39540
92709
36573
40321
12429
72535
64711
06088
18972
07894
02601
62342
05125
72278
81468
19070
60925
09957
35519
69197
66891
53593
20350
97106
87276
78196
60137
62142
88484
13484
95950
10188
49707
45911
91884
12721
03131
22971
25484
65698
71407
37018
66604
43495
31277
59429
56889
52229
48952
11605
08280
62900
85260
39249
04065
99614
38910
64514
11526
08537
01865
20022
46481
79944
91075
13627
09075
46547
67275
64776
17593
20168
54408
94653
65270
63349
70787
45457
44879
75771
40659
51330
90633
42358
45338
39001
87123
88322
19184
75880
65712
44350
45752
82363
78342
75281
76764
38981
21121
44120
07921
25076
94851
77318
84266
42884
36354
36307
32370
72083
02786
93960
56660
38217
52867
65111
32873
63824
40253
53140
23049
71579
41448
26428
38774
72690
14597
76717
01068
65149
29700
16438
85176
40537
69708
98145
99892
12937
88402
99056
98513
68713
06921
48076
82326
99901
56992
25448
21773
63924
88862
32740
10405
15396
83841
37023
75382
30965
20489
21790
42493
71469
89819
42682
73370
48872
96857
79719
02480
17945
64565
72620
85506
23248
59231
27199
46389
69570
08933
91491
69297
10753
94224
46280
51149
01240
93981
05415
99707
56206
33073
03724
32749
87299
21921
70925
93571
37553
26569
68046
01046
10429
13512
54197
72017
61754
96688
03117
31887
87545
34683
18152
63422
05948
80019
42550
01071
51094
70914
48538
53123
89442
02679
37085
38521
46295
48787
51724
86328
81880
84404
26419
39486
31339
48604
96001
88899
69324
13806
04043
55223
15692
17013
68250
50603
85958
93313
64195
26682
03863
22198
34690
39908
60029
01315
08586
87856
30421
12804
77693
18833
51241
71175
19530
28882
75401
14431
68109
55052
76084
96876
32191
29331
20956
43499
21960
40184
71582
80197
21697
71063
82010
69742
22158
58005
78254
29398
22223
67027
28592
23358
01895
59366
34028
12743
97126
64961
24259
29414
56164
73103
64689
05933
08802
93126
79676
89948
52292
73876
99723
54031
56744
95176
23335
09317
25399
43601
21630
15836
47253
97274
38841
82980
75449
65203
38111
11008
69299
27985
38555
11819
11843
48962
21937
65899
75092
73844
75574
89274
34736
74796
10478
15886
71613
35925
61662
04489
29512
31272
12296
60667
90730
08116
31546
54301
05113
09777
24584
80918
22092
66233
39495
91776
30275
21003
13896
80969
74860
63983
31811
35868
85298
78655
65095
47087
70501
57012
92390
95285
79926
99344
95402
74054
03967
70899
05897
16959
20350
76294
95011
61990
25040
33183
30361
34336
89925
12914
03740
33914
80680
21319
11375
11289
81373
48826
93246
58988
46090
85213
72881
06829
10227
32508
94696
36256
56849
22215
85304
01352
30733
36386
20292
96791
97932
20459
59586
19777
56135
75006
09656
36344
57532
64932
74643
63918
52664
67998
84838
71860
94148
25455
86581
70547
55047
70687
76325
43721
92786
20179
79714
74837
70294
50972
11053
17513
32771
13697
92388
08331
66866
95069
59427
37330
82580
23205
09220
69007
68725
23732
78418
13725
50039
34561
88814
72217
51273
08514
71182
95032
50915
22460
17544
34138
49256
39795
79576
28269
40701
66158
18779
17648
84027
42374
78353
20232
14312
47557
16447
22180
98829
02581
53524
81293
88860
67843
55730
96823
20839
05196
06180
49880
92971
66127
89047
70101
21716
68901
97579
88414
19408
99848
01798
76337
71527
56333
68321
83073
03925
02876
18409
08292
27467
78575
06727
29260
46578
32356
93775
83642
16316
12203
36150
53992
28849
50834
13191
91499
49594
13928
21617
78875
83910
19130
04567
58235
01087
77548
90671
49830
56095
78428
39718
30228
76261
67875
47551
24872
07133
83237
60826
03664
32488
14331
88524
46423
73802
72778
53574
13883
99780
47015
61992
12876
52792
03788
82582
85634
35735
98630
64485
99649
23665
09319
47747
75840
97722
83025
79571
83100
67812
34029
06816
32222
28225
25168
28499
70660
81785
31748
39080
32977
12397
80099
10942
10242
79221
57649
90849
44985
47928
30941
17641
72612
47595
91216
97197
43241
02786
29565
68333
91291
75596
68878
42136
04564
18135
23184
45002
67282
95102
16622
79174
52863
16057
22357
72156
02362
83472
91663
45023
44003
44576
21867
78437
02798
66981
98360
76465
29221
84152
94744
56738
28986
61968
91998
73035
44839
92484
72375
27894
09585
35204
91521
16154
25135
35894
44830
26398
46817
35657
41199
94393
93549
33656
73746
57883
58099
54151
44774
44443
54324
19878
83825
56794
88895
56683
33651
22372
30498
59757
72599
86758
97496
24498
70559
41572
75049
11162
25942
98764
07696
06453
76316
48679
17558
21448
38799
25521
02009
62894
28287
19164
65126
80341
25307
29961
12485
27751
88759
64724
25313
70179
43430
38414
49198
34200
15832
07371
87091
02301
93087
59476
49949
04839
22595
30752
27766
08080
83927
18941
26362
95798
48581
07509
80304
91018
25693
23582
29052
03185
84557
43780
62443
51159
18817
61983
51631
96069
70368
70059
84418
21401
40128
57822
47772
51526
48959
38815
38053
45531
18138
72474
74005
38918
70640
39043
46675
62152
83044
17698
03321
55708
97108
72862
24201
66203
39603
24844
24731
88603
64645
39231
15325
33598
22812
58341
08543
57832
10030
12885
16953
98904
47623
76306
92513
21438
15503
79037
76494
57525
55599
79951
12286
76043
80261
73528
79118
97312
86906
67792
34031
81939
84504
98743
60092
66463
26064
59943
30871
96369
36244
26812
23608
31608
54251
50622
57334
13903
63984
70831
55042
32008
30151
77014
69498
64802
06146
70116
65165
06261
45229
52170
42323
18401
47674
08246
28182
36019
88484
54105
62544
22583
53611
73054
54534
66251
55921
83502
05872
74242
77916
03187
37007
42877
06919
82894
24909
41685
39545
46268
36207
82465
46340
87708
79344
03189
65598
29368
77510
54391
16491
26017
98847
62089
42207
37925
61566
77457
57195
41027
65240
17083
41514
68580
05031
33045
39723
42544
11909
27412
15387
28805
27189
92276
15640
86329
79835
79884
71488
26090
40758
99164
58136
88415
62643
88523
46026
69024
24001
14164
75706
08966
05753
51965
74886
08734
83945
87178
98146
37391
96120
89555
24365
72706
93678
26162
61062
76064
49968
15539
29353
46159
79027
45479
44942
55457
12648
08639
55827
22630
70193
69748
09806
53639
08839
38156
91744
95258
01923
52158
35270
51736
34700
99509
95383
65185
78392
58803
56228
97657
62537
43187
39684
99628
41159
11340
14860
57703
65705
96695
55615
12926
83728
74660
81593
54778
84514
80272
99021
68247
93016
69467
40199
06658
04304
88085
25360
16655
32180
67773
24311
19948
10007
54406
72283
01212
48179
69771
13838
13520
30366
07945
72081
37820
52759
60850
93193
39291
12234
73085
68541
83540
02255
58146
57932
27688
10416
41410
06329
67778
19971
94734
02781
40787
77371
18386
07507
28181
04779
89255
93310
76227
60997
41324
14953
61908
61894
39967
54850
72927
75374
29752
65396
69310
61241
37210
65459
54144
28969
76675
07725
75223
75630
95489
29832
29459
13619
54122
59749
06191
67591
79396
34686
43840
74522
73939
88508
40986
70982
55582
91429
82592
38972
24641
46399
98945
39296
42532
38118
69479
05950
85638
39717
23214
36077
94279
77210
96064
87624
92905
53295
68810
22193
48387
01619
51213
02235
15097
93865
13052
81362
95051
49239
05360
24564
66707
38564
03109
24498
02697
64380
46048
84817
51451
41572
04973
98367
65036
57594
43110
91138
25928
36099
29199
25451
91472
63897
48800
40547
34739
75235
18576
75528
22124
64962
06411
32619
46315
89499
32586
11093
