78166194
59963401
95111045
14695395
242193106
123130400
24726710
65868944
145793936
166229554
235423973
234507323
198528863
169822136
38332211
78277235
2139859
58297296
18081645
19488757
246480235
129417709
248551353
161179110
219663242
237633978
54364178
193947167
196337821
20639242
8687911
22167503
97673934
129913449
234431660
199833166
189132959
212304898
102762192
199050657
60135545
176294511
96954005
56199466
131439988
139920915
19698743
78640290
7552014
2682632
56753971
154989528
224395046
65205925
29737289
111984993
197664160
25856972
203540254
194396406
34869990
67607380
234957416
117301423
118139967
86983786
222765999
202806626
96309151
221119193
245408381
226237719
213191063
185279319
73588733
49679897
57156296
60189186
194454247
239134386
250133192
224896344
217221082
224413134
196588750
58043595
227709098
199713711
106544075
80568062
183998914
185346995
86829604
97112555
137796660
82846632
220264094
62042156
190976703
221008040
68795364
24143071
176107170
224641138
69977573
189811938
186575873
153854373
112413001
160443438
81930521
80738358
92281946
122058371
224670069
192257535
48922014
67953901
185735502
201832632
246324856
34244883
126875274
251196093
48035191
13417692
191661779
48532191
223315849
77985265
191091216
48998804
246854637
134412391
65747585
19603375
115511775
17636956
33855711
155794010
49150039
244933921
22528836
230916533
211046046
84809957
90143502
94024771
71658357
56239009
214827880
192056509
173117323
194835376
198556352
109703105
119654291
15225134
178261973
31350131
93720236
107602818
216121767
170646701
35425594
77278398
157591589
224875162
18986780
10064377
147140974
103261383
220943801
245468245
220590735
228120432
69758466
139842179
61398737
251590410
208354924
84394752
139747357
56374718
197868462
248059365
230618508
224003858
46179148
210069476
83352445
219964207
201572456
240613262
184018794
202646039
79835071
153671442
68026645
7004222
199810003
164824444
249049270
91762427
235973039
191919904
123672942
66627856
134617645
167523945
203033244
103159036
94441901
124865175
177549016
133992041
252167959
122495255
237641916
172909045
25284876
161104616
173937821
104572630
132088048
32253670
226940379
91137131
245295863
107262128
187511920
86504867
66659692
59102786
220097389
22062069
225107422
165544394
184197637
91393254
163746101
247824368
16954456
55710159
196322316
78626493
28191878
150018744
5099032
216496197
135115520
247152081
221418772
251581548
8632149
56970957
158681545
109548370
188435976
136025506
41961109
141853594
158189620
245229559
146749863
142008847
72629824
126109082
236364157
100692348
244758158
243620133
8053872
164675225
203666926
59700236
116738539
124038818
84236678
236557301
193920140
119437557
217472788
107383788
92364595
50894712
201316998
111111841
143424051
193943268
173313071
187499957
240493751
156192310
94739457
194126773
40177509
161958854
161465662
196194552
39097374
102301445
207761450
108137499
61155774
101096738
166031566
84454497
193796667
152603998
10324924
120372351
122221163
95834901
48445475
62555088
213011044
15429191
193781708
148677656
91091421
6323969
224366192
222995557
89475100
73683625
244626719
5193770
181306406
85214375
241015517
114558095
23663795
150752799
117008802
165034570
146904808
190677495
200700375
44305017
112562388
210927669
34381502
135706866
43940660
18946180
166490192
169731794
97603626
45425080
52412116
76472936
4250849
90420191
162325990
113857976
182230462
195376189
30263038
74349710
174113654
252271503
184839292
59632441
166309984
86239252
93147426
198666182
49611073
148115759
29183687
55222385
114149001
147545301
118996900
32907778
224259043
38335340
243193833
32632055
168744766
138144497
56354292
192693495
54057522
82139499
245353004
249163580
41583312
83523742
179621562
5897788
14278874
240831431
251376084
190365610
76508272
60601283
18975258
132803259
121250690
18974061
234037889
215384940
140213760
58349915
118219242
111367999
104702109
7760992
173450509
104529790
78851697
152184537
126607825
56836459
188862703
10168831
175236279
207202591
20970314
73911867
194873246
205656347
207624649
51922326
98396278
158752504
56889393
228352405
38974447
74701397
210665064
159502183
107692173
38391473
168278755
249951290
19814250
130980893
129742488
191835302
178406740
140148870
90657855
119968192
160244267
124499579
25435257
91206053
201453162
158473729
55123545
144037167
146598544
244884879
134330862
210464752
168246695
94194199
161929076
168914012
249554684
13326454
11957954
4080700
7721862
199149938
112492115
85485219
50926842
185885659
227099503
141229446
134757050
236437811
68451657
108125837
62458411
160050997
82415061
4508694
102506734
14838748
103275411
16655955
61374839
154496819
203531511
111845588
160056674
225735861
196948389
97677217
185025107
137839619
165250933
121945601
10443630
190438228
194984574
105478038
92178780
3296889
126587525
46110527
192097095
194647335
105910778
184747410
116443251
12325475
138457250
170551109
133654340
21755378
142715084
46532354
62811729
176474117
76064339
142505882
148309813
187069499
212214486
151802169
108405515
98976599
104542593
33572939
39431911
108571562
7085576
245348153
142333493
103026386
241922262
247033564
71152558
195802370
156567951
44787884
174507971
121234786
167572987
23506631
57797132
1851431
236236701
66199568
46484418
178733080
246416507
70317955
16063643
70932296
87674588
156791027
236773629
73349893
197437129
92998403
142233918
237703565
187363128
78684103
126723374
244442766
45768857
153077688
21672295
210613306
6524365
207887667
110667474
251302738
125557097
166483542
21367620
113272475
147630141
175369580
19867408
160593609
215708123
187946053
115096962
63543747
209672905
118971546
8640115
238755077
59445100
243154122
193669638
118086074
191829450
80567173
230668271
29151809
145180561
231482959
112459824
207043642
16630013
200570056
56764541
104621399
205359743
83362280
247412215
169344260
81520853
100650642
205825719
150393062
102605882
119780095
38193975
84103153
92312816
165346217
18935428
59476229
213982896
42346305
88933216
90840513
89769065
201271904
129658418
127626605
104431265
101819537
244686464
220084586
51607977
172398262
199715790
225460747
75793299
64293818
112328777
178274062
74242939
192668995
92020237
72432963
30890973
118478256
61497766
86198176
41216288
107066072
164709791
27064717
242090934
220999703
39933377
7981268
139824203
126701338
225954415
167775847
136218846
116313639
193669596
32667615
127608146
1302673
222072376
48404364
17696288
144594185
97680080
227060989
91727315
158913672
204332129
241459499
111185649
104070856
161001618
243469073
46740716
141741986
162836808
22578963
168517735
226881754
189087767
151457496
152501350
205365553
152807999
20766411
39002328
142149519
193370878
235119438
46804052
169033873
81441389
102420970
66988902
206016630
152015424
90312615
94293746
157076620
81218145
238693456
40363933
69191641
221717497
230658849
218018459
71409332
105512478
69431594
238382796
200482395
48182555
117202807
123931837
60808693
189539232
193313870
73430407
68550749
19788532
131596445
149030736
54622800
115208521
41524848
102677961
202072571
170082858
41419449
158388189
144661525
217220690
249036411
140095047
41485053
31699522
214811094
136939769
21155786
25336067
62440540
122517872
203037640
194721115
58421609
246965734
166213909
13559120
47945479
61536175
127981694
164725177
185115981
209884389
10247308
111118526
69866035
61007822
124909828
73984044
69777513
50772289
27847261
207915408
75752615
185799230
185335046
19349618
107070055
22743722
147502671
125624031
178704226
57936537
172698233
226466402
23422148
122141503
227962960
164685347
27783498
112603597
50463659
39512152
111826940
49978895
63252988
123349346
171443588
183159243
93742013
186160262
42952610
26574822
164591582
27407227
177270430
131109203
105103636
161032901
200467338
234120559
158168249
12535489
106854049
189490050
100423317
176765786
223516084
211358099
15162330
124732420
91290592
24738624
156889335
83686632
20057724
126927249
36566048
114052030
119067740
202515881
243498795
40344011
64049672
181800844
23551711
66492413
104477038
5651696
46472980
231947010
174811995
81168382
152544855
196401976
71234045
224012090
31970590
202193804
20401158
100539097
169674765
91453482
138309011
124883970
13249566
162525140
225800191
52408560
210997515
91449884
136137989
84085905
210334496
160200454
109527482
251382881
117732833
37094667
156753073
197304696
96906328
43753501
50195839
109950919
51463392
38416827
106047607
133116054
131473812
219749895
251382398
88821888
164177385
72600949
68419912
161893264
161321539
152991217
251390077
155532959
35293595
223673542
44146537
245615497
115263373
76251540
239599473
70310724
90198956
136493673
5940726
193335024
212687266
217444711
203830257
183493038
243615177
117139849
149377768
96827718
88058272
196249201
199755354
93616678
58572088
12701991
169758492
170453277
202089686
29370853
1508522
127953694
210648257
80987327
210878060
126224078
9678628
158324496
42516615
91226836
111658471
223745817
247264872
64819553
156339681
44318660
121771595
32777095
134535899
59453066
101044665
131913223
40704350
178900632
10553999
199831885
223721359
130929387
56358415
166027191
69713785
183533645
54274466
101581257
46732477
190148666
9374072
177554378
49698923
201990671
112288968
109668133
75640118
224617121
156802080
123350515
138773811
122806664
68065425
220092860
122304071
230743360
91767369
109150924
181740539
37368717
118421521
144503059
146482127
96748058
162986468
170857576
220184161
193303202
197467264
126105967
365485
150398872
187420297
13426904
126256082
63094522
126591025
157074576
19228049
194042619
41068651
90832561
117743536
130005324
158068387
81791697
143432045
191080653
30819419
30445871
96694627
234500113
9577240
31544185
247392034
104573911
126283088
16103473
203657805
123302523
140404965
97093802
9872822
38646868
159367132
88041220
250098661
113490427
107222298
44729336
188461701
225031738
76866966
14152391
52571849
155233653
81017168
138552457
72844423
249508057
30400364
8167958
168560498
147745648
215984231
43681765
223787887
205021734
12471005
130383716
136484426
10271976
139491962
152167520
182535032
66112642
29744982
205033137
111267178
116853458
197185430
247444667
48353852
151437854
245789895
234821567
5930023
114436561
172262875
95738196
33337648
111902631
247250781
98232933
39980403
3135413
28817237
204957425
169814170
251299238
187686262
40882500
52374575
172709671
67061709
52241274
98676915
129192792
219466332
83850908
202412309
69631017
66973110
91584921
2723708
186114629
215964351
53159926
900096
21866916
167192481
170623958
143649927
155548891
71926
27789602
118783974
197273826
86593739
60136322
43102151
207568887
40750011
62521397
117026596
116048892
128064448
135028475
115224439
38758784
146031677
144973053
178393923
217930833
6952443
48965827
30011843
30788836
244721576
23790663
16640023
193104598
131104660
188200944
199017526
82890032
175199557
140549109
250775771
236473518
27064423
136824262
155303226
56487110
54159883
2458303
167226487
104275151
178170504
41466832
208441675
150693810
173015662
74038812
52189187
180593449
3128728
145463347
102971548
78593348
129328242
17708629
114757161
61190648
193529323
169059423
225368214
67355338
99742224
12909149
90961844
105493942
228977736
21576703
1685041
120736890
200244290
127650986
70370980
140764191
114995301
133967030
94524494
204865851
227375611
68810512
89461212
85483938
73761409
116228134
211938378
234889278
82590824
189540009
161042764
175266757
230002256
202874351
156247197
56064912
218116095
66915192
123238235
60426304
73907513
184217552
204992397
54086145
189871718
136217425
119712986
55304201
151698611
122776179
181751305
80529086
103856957
6022507
165528462
249343585
61524737
63752886
198267882
95411590
226684417
188977664
63769903
114618995
226368871
206272396
134008267
140165964
121747326
156683073
158439093
5174905
139654054
100378391
37806574
206594473
229004658
162996513
28115046
2533980
249057222
138612594
227954021
148235130
127893466
185290148
245263299
61372872
101677962
45490089
9764406
175550929
34627251
15904911
169851284
85563017
240862924
175247836
116390562
84464486
30412313
85099603
123930983
75940124
106543340
223219473
249474254
62932192
116200274
115180605
212153460
74366412
250522070
98958623
169287574
101748543
207721354
140273540
211041328
143021768
119170409
129519986
46991666
193745280
211054152
239756504
205139768
47099963
137120866
175394213
75378213
151987543
19956903
172181311
118098982
148224154
190698306
235411443
28381823
166680403
238449597
22831544
86425242
227567530
43852768
213867431
173768414
142053899
71939995
34812212
191351518
247742811
115378509
125532030
204008596
49039684
106762440
179974663
139560275
149458338
143310413
100188586
51391698
72236480
146960983
191996743
150938733
135517411
52327990
162750351
151742459
154742358
212720019
105493984
234071034
182357876
8654108
211577752
214735711
209115677
210548311
1218617
241289476
225024556
91997459
147664567
244635798
221936989
113967652
125249622
99972349
170369634
45271010
81862810
7996829
145753721
197755286
209697972
131468989
24119873
55224233
167075147
238631569
37583792
5726603
160726791
133641831
32437763
214985373
69120801
215475653
241557989
192783291
246618219
110894624
173029732
211957418
234168740
7156500
202783288
183222215
106720713
188825029
230464165
131004189
249770935
57361291
242683015
140245351
248487667
156291010
55336023
72812272
42085170
84495594
151222772
64666953
59163301
157558850
327594
3738162
170029112
19345369
134307006
97207188
163884722
153539716
63003886
95803331
160240284
83657897
44796620
220705332
69998230
242773924
123352335
76975396
114563275
3439402
86036987
145354651
178120552
173921910
118916659
201586561
102844862
160187630
18673292
218517454
160533640
232340277
36878843
46483683
164988013
161183093
109298295
154269788
205758008
27386073
120147014
79229172
206627079
99373975
28660493
203674626
2238692
62383819
75247040
172805487
191778259
2700706
3525166
143203747
119119400
209449374
30586445
133038291
170323854
218320117
204579075
148691446
181680766
151050341
247416786
95564351
174164852
43525189
26239823
60297973
190320677
94721831
1305249
219905351
29394786
251170053
17796248
114187676
7648152
134526057
246966126
134389368
42685630
77396992
249559836
220250059
78029778
80886702
238828892
106248598
10168803
40494210
36783797
229377219
200635870
188052327
182723927
79304849
57276528
215944436
251501377
178322831
125397035
218393946
12538688
170435602
235324398
232085659
92509369
166380824
86004738
105915272
119749883
155944524
81180331
72809178
228194282
53597321
161964916
10514169
54352810
16955863
133486473
122304946
241751987
6658912
122880521
102839185
146672800
1621019
220455313
59205385
239537824
111654488
200035018
216946276
66687580
177262380
233152690
100697542
95270365
238894482
34854058
156324722
13956678
240252650
118781230
108217159
77171417
59773113
173041646
15783594
224087382
124523848
66150652
176409178
113410767
166377814
69698763
58823017
135916096
49511722
161252547
235546886
221566535
232753536
246451927
234590070
106829031
31925853
200096779
42287449
84455778
6366907
219849855
70743
186560529
201898502
99786
57700686
53511424
235665480
228043670
212439396
155523026
228811339
140799296
1013755
18823862
248960447
164048613
73757426
128412131
36395619
186021851
15473291
232285565
88560130
151332910
132000541
25383905
78829626
189188721
217136277
185608592
163733396
93513085
219462265
70817559
117334533
186222170
242435369
72967385
200850679
33106942
236532528
193992219
25880583
154178739
190770000
33995116
207808007
63018845
216833856
25297021
109777571
62982004
34110350
165768723
14683411
41056968
228973753
177268190
88761387
32887842
137034080
181863599
147768636
241824850
54425820
231164179
39722397
237865006
159067161
111153785
177656781
1438655
105505919
202460084
243145183
162215460
73115267
38544479
215805031
13493229
29342699
177677893
4769724
118163865
186459211
126488923
77887797
121995518
38104326
77887384
201379816
241398669
4040870
150420803
131056570
91991614
18399550
207327303
145545835
224972581
232703024
80719689
119074733
93691928
169472003
44407455
242534944
37658090
191088346
34970986
182666436
94170273
161418090
194841186
211174909
230496421
230395600
116100286
126395858
87352161
181539282
144745028
122282021
63831804
98254717
82675335
193130736
106350875
186619714
123154571
66586759
139237533
83737928
186692164
86110585
15313460
4564456
54284553
53445967
21691622
4372383
129133635
237749485
103996341
75042668
98690593
229304629
148785953
245303129
22697942
92907396
105470086
44643537
149008217
137488226
51998857
23245020
120466046
29963074
173487350
30827756
44021104
57010787
146832120
118904437
47262524
251894959
49086696
145629478
199186639
22998074
100272236
175290795
171702966
38972991
232703780
36542150
23434797
161183982
31461963
203804217
22512120
227416400
120092225
81492412
65819286
212312780
107058876
83594540
196119925
93120665
143115981
171981895
34074811
30272873
228572625
248781212
87531200
30545859
160562907
134787668
92978971
113427210
109067477
58349075
246323477
102028466
237319335
250891243
81711449
211591941
249057782
146829544
168262046
104122551
26626174
64177415
97923043
61308444
66646364
224688934
249798074
222504402
231476232
229834081
101443819
197242375
89326952
22291816
209844174
106150269
177475502
6657701
170407497
218168763
81516324
36378812
158515638
11394412
6899348
157400426
169058646
246375396
160574464
243117673
25480239
65084328
189366577
4058615
255158
41712049
9300509
72828204
128185681
192697772
32143021
248753247
188483345
44166823
170995161
157477979
130406228
186392389
231046110
187621288
238056148
204561946
182629308
164382625
158531577
46050411
163020026
160884655
122693320
206317525
120783300
52527742
40993282
113780451
21938568
105918968
120852978
43375102
75079761
201060805
209720701
170005725
75407144
20072445
111335624
223314799
222375119
103185671
106167069
29023170
241255085
247444107
128535604
28644701
147968269
192127307
129683485
204927458
136006326
186308746
55172762
15591535
31485819
165954727
122705073
131009068
138620560
145454142
95974187
51479611
158835062
225714735
56557425
239732725
77417817
227718149
28195861
218761341
148957026
165963876
50170079
96594681
124428739
16974882
123677121
81155733
139774244
191765456
177307474
118197598
172436223
202901035
182278804
36384937
66010470
154057422
192004317
250772999
74140550
171450343
60181955
8635082
203830271
19216065
219029357
45297708
155214319
122218587
123899392
24255435
218742196
101984051
148264180
227033108
102584973
200559920
36050379
140765276
72132334
130494078
245453167
4783815
153011139
138232963
210776196
85076216
7508943
195280632
174876423
7619417
20616254
192138010
35361278
3516038
137529799
105031942
7066053
132971420
53993367
178581124
41045803
22099792
37454957
162223545
3911552
158959620
226752394
247530550
84289038
23611456
216253213
105229825
46784137
12318755
23580348
70871627
144071901
213747633
90892306
182088901
77214642
212627521
25105641
65875069
90454141
197069839
251697538
64535885
12105325
147763442
226137633
115108638
55312167
25075058
204061243
27907930
115874228
170134077
79034880
165173975
232117110
24745715
105279644
216987982
10713095
34249755
184130353
99700546
212138767
23307565
101133145
72773625
60131562
30026802
123401125
32393075
181438587
85389662
108416085
33357563
122154873
56584571
191128442
142072659
187213741
157308817
32274460
162150878
138349324
164525117
113488607
187071669
217151985
223832589
170647898
90177193
219981294
91058395
122848461
144081274
62593056
140144803
12382966
92416885
144273214
87066505
227121434
239382221
130089009
126609694
22153650
18523982
194442886
48632662
76282627
122595705
601252
162426076
202026714
33053042
4893932
157762585
146769813
93475117
42391273
134106659
233555946
222805269
173599266
72975491
230193321
184910111
40627588
100556926
155913360
95444567
29346990
21143837
239705110
55769015
80401630
51723470
171787001
146139218
199488374
184057749
53508610
41146498
242547593
191395037
184723820
133567995
20544518
93734971
177096921
229536539
203487698
128434783
174279967
223529279
46279465
116082660
221875823
169177863
172766854
53880114
64345569
108906218
32051993
127993937
128045695
153555564
146375069
214085586
27451824
166053378
104285714
99801969
219180753
82545765
142615502
147788264
215190333
122230536
49564663
164751777
71132216
68379480
101121392
101731911
237337829
233881698
107234555
159696475
231065983
76994422
165036397
136103325
132510638
185650578
88995971
236406318
41906131
108897328
225731367
47329927
25686613
196407786
202105590
198535667
196649468
229329423
89820844
39558121
173722347
214778628
31259572
74093874
45416974
154361103
249304182
63228215
249965318
209536713
28335854
209286967
150426172
185479309
125348812
222190991
230843719
77949418
208106592
113746452
198066870
239619353
191235983
218769307
242274733
159491501
142033991
51196447
49596135
39431036
35756379
62594953
181077954
231977824
139210079
180690868
21038410
124320428
171707922
85136857
19676231
2344952
38487548
148569219
136255435
140860903
125065025
13633747
164179506
92427588
12733855
148083006
203197520
68858336
242134747
10183496
45103311
8260078
83138147
21343022
222959199
13358920
113475916
7215286
188260682
197663390
100870267
101383514
148219590
72871933
83690615
102880226
206945719
115935289
236461569
59474094
108067002
99716478
203467776
6989214
148582624
69081384
124062695
154145048
69570880
168535998
244887777
211113057
78428078
32839773
200006591
107391719
221924998
51993131
163132523
111763212
203782440
223365605
157977548
248924887
129225440
219712354
15624134
67125437
33469395
240212820
72219960
240010646
85065723
31696946
6428773
182097742
177299081
127666435
130631439
37135617
8008638
76445657
163705529
196602953
142388471
87425899
111046832
147359283
135163316
206039555
131968558
73358230
171863455
52191357
160955838
25809778
145491270
132197843
4652348
215905530
125194448
129595103
229827277
35622917
145522707
75644472
47135810
129780197
208313708
170623692
69380123
94785524
71363615
23164177
169963368
75075799
22062048
183117390
234761822
101924306
4199070
156012235
97263685
229034387
216229350
83760580
120350532
144848810
904933
193239460
74052147
177401785
229046217
135544809
62848745
92435589
230638423
22280840
251399240
249023216
66990281
118919480
211928256
212871667
205284031
185172618
147884626
236362505
104976936
42679953
109360056
182341678
107851920
132576228
169138299
171769907
251614868
111504317
196063386
214965458
139265414
141419734
155815948
177918735
107715077
184671733
233093372
170582014
157719038
135887060
142922781
88821132
144280403
17962295
88681314
173016873
202476793
101907163
118019098
146769505
178896691
100624602
178872751
80300312
215532871
20042688
223123888
47635645
5707458
209031159
166370898
213853361
226328817
46354092
109257919
225463771
54176970
50192815
85543683
179115742
32147004
119843452
244289158
195353537
113771400
163285193
95941329
31589111
155564277
219831809
109190166
214272500
96592525
164450336
227883573
18344663
235419017
165827558
22855442
236624172
221425744
249315823
78118825
163309056
136951676
27509630
93023757
239864458
151748528
122559858
4436881
80933896
111943203
155725459
66510942
149330574
70758241
84433707
22986097
60377346
72714440
62553247
226824095
172566423
207271156
21997445
139314379
173832177
146895848
178382576
177833230
72317421
64050827
219024219
120657811
232543704
199130296
102115119
63584431
142487178
38321431
62750290
130434109
114539069
5707885
222512368
113344435
219283114
145874184
234184700
135609412
178130674
56172068
233709827
44801772
46181010
192310014
28135850
130184601
211105056
3122876
21594875
93884085
12948965
21098162
167802755
156894172
26912467
90626187
126012279
223943000
89665234
70710445
124885055
121991528
203848989
171811480
103793229
222088308
26231003
122429273
70092170
52301761
235807657
235167094
190359457
125775420
5235735
72582413
236700773
232042406
111723382
32107174
187825296
712776
97192502
181964343
168933087
204816634
119884255
118833051
206496725
91513612
164026955
15199920
61294619
181294422
127231917
64655858
206924152
194849348
28508439
14118560
59840530
93843709
213172233
139269782
135409100
237526997
181354188
197118881
127936908
35906564
46174255
184003639
148094031
192067051
104713008
103056388
67928155
189284313
244204745
226577730
213966992
88104171
66359728
115590462
137611986
113596148
123737986
117059195
89864384
156882650
128218826
127229173
210193908
13172573
164235254
159491480
206597175
222792907
101087876
185979207
194730978
230562746
55769904
209103763
238998005
54722641
111001276
208371437
232368452
11280067
61552247
237545939
477296
110640762
67394468
96371493
228588291
24519594
20195883
49377455
67706066
130069640
135350538
202041869
92627613
169874769
53319757
193288012
181479537
66168404
78385378
67555909
132337248
130415573
230586868
48350429
207494617
95898902
208632488
81703098
103573268
7624450
173525486
222927335
196389719
156707398
37888369
32119116
116274768
61924493
135231048
198258019
6527102
140906410
18464524
52413285
215733337
13226368
641201
71184422
88655687
60199266
144470425
33601380
90239080
242624656
150552382
146602100
204315287
62912473
193938361
211145621
112941886
63063085
28066291
49333642
235250961
9571941
163996274
143921933
200005310
83754343
108444477
12228798
205461180
105687730
134999740
191622376
176102452
190080913
59799811
140724165
225716842
162837200
28588939
188335974
823817
54743340
75444111
212033830
113905772
58880935
214968566
155189833
95172834
96636338
108274104
150760744
381333
2305976
201622779
66656493
30531803
70637330
58048180
98774663
108773820
39037587
83482729
97719714
146060825
44956332
203605942
150393916
140591270
101945873
122148769
52474850
80396793
60036005
231868435
226409856
148341901
226506036
213963009
192570295
178688294
101928772
96364038
103630682
82095721
42087186
243986569
15466235
140801123
148502376
11565681
129934218
223199586
63429486
225699643
76294184
189705643
106956487
10991205
203773088
173602976
28235733
92654619
2393987
174645633
201640167
216129761
90601512
49005797
198783383
203048693
68966633
76583249
129374631
223290901
226509473
4279815
60231130
11008061
94907716
43363153
194553829
190657209
171221023
175299132
241028250
150467899
206505426
214882788
241879870
193034185
144507427
134771820
13650533
196652891
79624364
91396866
59573550
27752880
213987663
230060188
168507606
194107460
124170271
675200
3549057
143036545
220718737
188969684
19337676
115079784
162785029
194110841
130344663
159445581
6192390
18620463
201125814
352577
139871215
115510032
223992763
16430107
242975160
126510994
160853274
140854148
205432179
215108006
24243346
236311328
128989701
61264596
111767167
216359592
88785845
14040307
126791050
246279804
106302106
251553667
158221680
246111678
1496433
232384090
148510384
140940528
149526007
242826627
161160938
94441145
50787444
211344911
185874480
37439536
56005951
172521770
35140834
202029647
183580699
56612452
51189720
90480860
41416026
201663505
169277711
230168569
40487014
168715233
97082630
1324464
193775758
236076331
108624622
165750635
220773911
240628011
222431427
31820419
208637717
249605609
107397431
198555869
60303608
157004002
65562988
248411682
107445654
186852569
246085876
157590427
12491480
85567021
57936929
176250698
238669145
110802413
228784508
38047724
216466909
238557740
171532124
168283823
225505715
41358521
46358929
100335985
246312914
43095025
12785249
5599434
221738581
198901179
52976708
137146577
18365859
70429479
61788483
82578588
244704363
90151454
66946475
188952485
44932042
196381151
92800905
63479179
108750657
57028532
141400729
62754238
21560183
83837216
67982636
137903641
226358084
61225641
161697670
53148488
121143933
115779952
46360945
170747165
197772128
244681746
144328192
31353225
223092605
51651776
36787199
192190664
154775216
34316864
247767486
157203152
6526962
85335713
242055122
176464905
161945001
185001433
75904823
189495440
70232450
103827809
186161256
114940750
188675698
131413227
67893043
153958820
184620262
56488979
140994421
86342523
62983971
91704824
185588096
245068972
11088491
44437667
144659565
123252060
18862313
82922015
224235180
11325742
105338605
250103568
181091870
143436028
20616219
8654024
247686657
121341431
65644811
124777549
20714408
154098225
69619103
120694939
212170631
32289230
170827679
230635847
150238971
221198853
82268684
138157657
183262801
24294425
13596787
38917831
134486241
77555066
11558870
186534888
84870556
230878810
155484582
105926850
11729754
146418399
106713524
186155579
32834677
80408742
151903900
67916206
248013648
247052590
49840071
174742408
37185499
245527017
89011903
133198822
186516912
226802094
86190945
126603576
49927151
40568928
29092036
18496101
88598644
195469940
61449935
171100679
207442425
174128130
196076112
74249211
151085964
80237473
132446945
130473204
228158393
134859446
188791009
221678080
91354299
143542302
189777820
247945069
85424389
132731600
74281775
168484821
220845647
193217403
47911711
226615817
179446891
76250784
170612016
25067967
11056627
138428501
141967057
109837316
156399286
162900655
183281974
233728496
34477052
171491097
184903601
140564285
100817907
25856601
41331410
107568217
53078446
238938295
84812827
193868480
122063264
122989147
112209280
73780141
35541101
250064921
150621339
125232451
228918761
72800610
216723984
191086533
15162106
200444413
197425607
169526519
105282843
196444592
103877432
215755359
114790271
124368140
100952937
162649124
198848280
31431961
224070456
158399865
143384263
77618794
227126796
83112310
193996790
100304121
93421476
15608342
140002269
37419621
89491032
70003333
224424943
67105522
171297127
234927379
203181000
67614457
22265762
127906311
148016457
44277976
45473730
188678029
112843361
100321929
102242435
80137898
251721863
206162153
235427368
155089103
90649889
145937352
30733039
56696970
243568235
53180352
86340479
185693551
225934500
250379284
87427096
81060106
168210260
172522694
91044206
181955621
8113582
171144492
218523131
239640514
74467156
131923051
188115915
173383911
40105073
71982849
157993865
90146288
213792300
192884973
198767843
49196981
224525512
201762184
7548773
142239021
157518509
34409075
251247886
86469020
144268447
246710052
185309867
137294242
239346647
162310198
79731513
208421760
26945983
78578732
245733993
44298864
200504466
136662786
14888658
149763832
146730529
226234632
131192265
182643413
61640727
167675670
76554248
111175604
88134649
82368378
17071384
118313105
11303958
193031161
244321995
152242441
96337032
164480933
181309962
214424141
90419071
194484032
241010155
221558296
214472847
123136518
37643537
61456739
247054333
31649150
155066367
240233610
47807768
236844448
217269655
196085198
216769617
148741090
251351444
233477567
54770437
235533754
66652314
29028336
61581374
1393015
238139406
203311571
48426302
38816443
208381419
126611542
22042168
112736905
4182354
39299310
18143357
196039509
173328422
205772694
148298858
47823217
240566222
18606701
95837771
222406675
211513478
205341655
72526651
189430529
38134034
212553027
74589852
24613905
11550519
228205321
15929005
114071245
115637264
76696586
33744222
70421513
112778849
230558987
93935864
225230916
154978741
23227821
2752072
55753370
179096583
35418944
126132469
73729251
34700142
26273941
30541848
166181758
33163250
138425414
72395219
48539786
207601745
27573645
229509414
209249013
157606135
28693470
183130620
18937255
140592138
3440361
166864594
196382047
78740138
143506455
141033866
201132870
72949633
169578333
107583638
112045711
89362834
165049627
136282532
21284201
119036730
218376173
204455567
118278133
236167821
212165780
32701418
241172758
2763027
50954457
140643959
171223277
22866607
94296574
227692970
248296469
111619803
55776897
38730511
7077127
54285295
176787563
84091904
178896383
83906124
36534149
78333865
140224547
159715109
124214070
218567336
237118904
212580495
103099291
158759385
85923384
202570222
32867654
94747850
55365773
224454203
70637554
142269569
21667752
121461796
224751689
43621635
229862249
184286432
150224936
41943798
152417399
191578563
194679164
194533907
43079177
124979366
31908045
33023264
107316917
21563781
58629096
18075842
250317726
191521380
188901679
110393074
40274186
192275546
209867302
170740053
223769155
234431625
178791852
51926190
107301356
195227733
93837605
14843466
160777716
5170180
71544719
146929091
109535532
224466740
17768395
108086882
243874072
227393272
92946624
159137770
70608749
144231221
96747008
84993483
175349665
49421268
159024307
167816531
37205435
38021929
178763971
150338154
5460029
46462683
55867666
127741601
239605269
137433661
35773396
50480746
124447884
242298631
167967325
71009135
149429176
162804944
238377903
206838178
113820316
69609716
129694384
21990389
195240767
86379525
203175862
83886755
79249983
57697949
84494327
77234172
110236827
107099875
211718473
91340964
58617749
142336734
13157922
50002786
148549017
224076406
98436094
143511684
158474569
209633075
220095933
182737045
25951353
240496348
166983230
204348061
191879115
174288318
149962982
166414515
137951437
98961829
140670559
151174584
37208522
222782127
119392533
110730208
62935321
112169492
98119295
110169984
247829275
160894077
33596837
17007621
94682841
219913198
141459564
159998098
75906139
147855751
60358320
103426807
107112909
20536552
153085654
103797772
17246622
48951281
73879632
38483565
173136363
94541476
123622479
5905614
251785283
144638908
60543673
59916473
229176886
176714553
158531598
100001392
10008244
80747178
52837814
142504762
104870515
102827936
229492432
44581965
181714499
170922683
16994510
46749263
208295200
82018147
129940357
170894417
246308056
187213937
18463313
219430261
241317959
217093661
79610294
15585683
220713011
99906381
237737536
12682083
12629058
172551345
93791020
17012381
173868024
30488690
232678832
138309921
98354292
106824264
153336583
103052951
219985305
96946431
200801910
120768362
54207966
104925157
20379136
32145618
154030514
177960686
225049539
466215
177521359
46912566
113826406
156954309
124965590
80336929
124169361
228764593
1579376
181456339
226819839
124421200
59002252
56518974
119871417
126863325
241198763
186117835
175724942
32286017
232140525
214306303
119257111
242487848
240955506
192227792
70700323
151887926
30636285
48222973
27929028
192482669
104481021
146550321
108603797
3637467
229020625
76436578
156181334
169261814
114138921
87634170
114816990
88208310
233806315
219997233
78049833
77767894
88983539
189073998
175688255
31675624
136361926
58952629
164926154
39846136
154216826
144233188
177825250
10288300
2384782
119541598
195524806
82739847
59711261
56226836
38535463
64373492
87612141
188706778
155897652
41563397
220519027
119474279
235517738
247981399
200531437
182868484
170486457
189621489
67129420
217635349
53449950
175084918
119198290
63649132
115061136
100347913
171164407
78612290
22813960
62040196
175911303
177716302
213847208
27514810
37928199
161889239
30277815
103630486
165884216
237817175
229626881
120792260
172905349
173556230
9724611
44779694
177669619
173141256
171123702
71550816
140754286
11766574
92087192
57777609
145832527
250793397
210473005
1446817
8744793
122523871
203937504
26666431
5550392
247069677
68076485
244481315
65835239
51185744
210408906
115542666
108010330
230449402
213837429
233629656
104868345
102080553
78268023
201559919
225743540
90645906
129714593
207271548
211002373
151839745
149449462
214302320
31033661
57365974
230141661
172746939
92029288
30952097
13290320
112158089
63776028
105266918
117804156
71299502
167803126
100886395
230980261
12967473
21340852
115574957
36279237
123250156
221780455
117097009
131654314
30529906
194926985
205032710
153416530
195490611
238508131
35160749
8905926
114009638
99927577
247244929
136261462
39970197
235212314
50309484
223457214
114319885
232506961
187082498
179352615
13333909
72303337
33114908
105738774
227760093
168862317
220619162
58908802
119322925
177859830
5886693
194736172
21266225
63088845
248123793
131538513
133048378
16220849
82806774
190649327
14068748
198126601
239442239
230292042
11689924
95081512
166601912
5725679
55832519
242660230
160897514
140362993
2162973
67805641
209295493
159164895
42076623
22375459
113885738
235123792
118363799
231032040
88576762
12104275
195051739
8159257
184070566
100143618
93485785
126982255
18501246
93432179
112977614
108022279
179008957
230335015
60707711
103633615
124050781
171545900
115921436
213886149
163279894
189208664
74689427
106285320
245571684
105556802
23891022
184646022
86206877
179457986
4600611
175281954
206459009
116920014
168820247
32246600
208657632
21061069
119362363
77158012
92060067
40485320
185491118
95400754
199417107
236815321
48405603
226739290
212481893
21289367
155452718
76918661
143455530
132438069
110306190
202681046
144350711
125301135
161072766
48813738
250626496
86716925
63708877
246858606
41722136
206047521
58880508
150409365
18199315
240483699
19308409
224645121
161188273
247959755
235172456
101724869
130296671
112982010
197927430
101266740
134665049
30453354
2434601
134790811
13935342
65564101
217065780
84788194
214357298
181611900
108318477
65799392
206160291
110567045
157232727
3671662
145882346
93710149
78248843
33576628
125628049
3049068
238155723
235963918
150697597
103355099
61019771
78320677
12860926
190490294
96903395
128023694
73592716
240389920
95508603
177273454
70953366
134086744
169003465
79357524
162853132
194791563
104326538
112606712
123167297
206958788
221234560
1011620
134840728
249365754
175224323
107010310
128818978
53041843
163514
94005731
2919358
107404914
109983567
69111141
231096468
89386424
143316552
210447861
14649678
147362083
9536094
146483023
96241440
177939490
132550076
199201115
193495128
227973096
246036701
185141727
125898893
246004102
128356362
32337026
203548024
220427418
185440725
155104951
161363098
37304114
219651489
66414650
46532214
94030602
166159057
127828492
13801299
247000811
217890807
61501735
190706251
216236035
25586611
113156366
174826807
78072891
216805464
45680965
191303736
28667724
12921056
108241057
4744545
100228444
69017635
216578573
197046795
180616437
194721892
59938292
126578565
78863338
151517549
176253806
32139031
182181469
130328535
19692184
241636872
95885707
91648649
142045065
40010223
70043163
131533417
57972503
96329101
19196150
80325365
144892623
11292597
6647859
221470943
53956666
44334592
204530369
238953107
152264232
9271249
2859732
222367153
217565482
109261860
34045733
212298675
12761764
219256395
86688960
64703654
243758936
129273236
79773632
195456584
84053187
183811713
94897048
808753
160243105
110540991
75410371
126070127
98765416
170348746
110627161
115061892
158226783
145908064
194155256
105868386
27906971
150844380
211010423
45339281
234650711
158149209
39478461
226254134
222700815
127600376
5685849
33822461
22308721
244337381
41600525
231739110
153842424
79696639
43303408
28685777
115366560
157678823
198061977
102073329
41568696
218056126
223740980
171926441
43611940
181836103
87764454
200524927
225302610
58375059
213698864
71693819
146036031
197991935
160262096
178381463
207382799
92668724
156868545
148996268
136014516
211155554
154361397
58633954
60532599
22081571
245730521
144324993
187155312
111877312
6579854
62485550
202935923
152935455
13959464
157285479
226501493
200743411
23956710
193478027
42987855
69177732
113517608
105046467
118569865
165681097
141506114
167668572
54139968
194291532
142332737
46880121
88274194
150585100
8722106
126684286
54342177
86282554
4054632
122354023
119273008
209605579
60919034
1319165
48883591
54722648
87844030
203300105
140360256
106749371
239209139
71740621
101411101
25487463
12476829
165501820
52925153
124142936
158571428
29426615
237405680
43753074
101291009
221372145
16738674
114916341
130455137
212039234
111968186
30601593
149935101
67496710
97006197
243134480
82789603
243819164
231005370
73849791
134328783
184774178
190570556
140265574
159847829
212549016
138177285
42531266
181796301
20401137
143653826
132048218
27219158
218675654
205504993
76771150
25933251
124182220
178368779
214616193
101322586
67034682
126783105
172950037
167185390
46401769
136934876
204639562
23653162
94479568
28960331
8842506
148360857
247260861
223528992
87750265
208956378
243723964
46161935
84554926
249749368
169943649
133751248
203462414
117972415
133474559
29882539
178721397
185391767
41690853
244504653
46159198
32655582
149410115
223501398
244744389
46200925
99275100
202551420
164804837
137335913
123031091
204717283
21289927
145335919
183871423
225476595
44004003
201921504
224399225
221357333
70470044
246412216
119283130
240674848
38898182
128144108
79513421
21408857
98918016
211890582
126472018
135648367
7030983
161428
67530590
220506784
234567082
86421224
94162307
120934878
167748820
88550288
145041156
55760965
93365322
60584749
160018013
178791012
94794225
25503087
133554219
56329659
98093528
168706980
244807921
245094137
194900350
66654470
70861372
79217223
137828720
29559951
158809001
95508295
71104762
111502175
90637352
111152630
24245313
201755114
45561748
177373904
125177543
88521511
66572850
242204355
59978822
179613323
53535749
127175280
163916586
81634617
192546978
195935951
38938019
130601535
37053668
203279707
41495882
188549362
154483463
92246218
104661537
93132579
1943908
173482597
218599781
56694254
234582979
170917461
20022360
65722819
218815059
129971381
55410321
149250914
157671284
216701171
235698212
154212843
96357528
41447330
202033903
216176290
25260005
92373072
121068256
215215547
107846516
22766766
69893930
170267357
194804751
186224214
193200190
146813612
133996297
47225396
98045347
216535131
141138593
230649672
2715231
235781589
19293898
92770126
208641693
209433155
237977076
46195066
116933125
28186656
20787096
67989146
20640894
237050353
84394612
133896449
55758263
126725201
83631255
99725403
3274818
189519338
235479154
75018770
14816579
149274210
74005128
24051462
184336048
203152853
43215796
180041639
249427613
59174480
231871137
34847499
161506878
231690075
224218821
54805416
130874402
201466231
249235050
103657513
176626381
65944621
74820859
97765767
44064721
105143466
162088396
223393486
15633094
68546766
48637401
79924986
11410120
238613502
17840103
159815965
190678363
123495947
243135061
15211309
64528794
140654627
100439130
36280483
185768108
192835070
131274522
114686440
47302354
104388537
225991641
201996894
104024803
1756735
167549089
134206150
138827284
199842378
95397821
245279231
2340829
219662388
28239716
31870056
108345770
194345551
136872604
164852619
196362111
108479953
95452414
26836790
187827319
93447271
120030513
170332933
140480656
133679519
157627429
104258057
87770180
183903308
103374993
124296446
154161834
37877666
20616996
200462515
163222165
109759469
18744244
31188963
249833879
124420003
93406125
236634245
247440103
109491635
250853142
138050116
56376370
72656011
187649904
230265134
205045086
84421758
157587599
30843401
118128606
13936749
216050080
81367672
199400748
93002386
113293440
57130277
206194752
7715009
93521086
45691066
98507760
102449775
32004197
29127911
229397113
185208465
125121781
79137563
150900926
99716513
165643829
173953480
235483172
211407764
12231997
107814876
210418699
234009448
104012273
66415490
156467991
105994932
81286052
72719739
138897984
5289362
61386242
247593319
115156700
251039573
228621009
43956620
85730303
78468048
53057362
175729296
75176130
220269974
42218625
175666170
176020965
55620685
110520488
134285894
55404322
52081940
249861767
71354410
30461803
42621419
119785730
196889764
161525407
22312704
174419799
229725581
199130289
16843156
228469655
75497997
179808763
240707587
189829599
47859064
128285452
245904562
149066583
29928200
39352286
74332819
158655043
95467576
35505254
202237057
55985259
38853130
236554172
78352912
111114739
205767871
49499549
24551150
45876440
63052963
205208347
45222031
20349939
182660612
215133990
77396621
250172049
106445011
135347311
111267213
48145329
183863184
70164774
109196018
61453911
241623761
104016837
233447845
77915657
141025046
212421175
181930827
18131604
195794439
115011933
32258255
128714874
96717279
236040750
148987147
213780351
174184788
135246959
122225286
12426779
141829983
225000658
164121623
196046068
92692314
145423559
104193370
25722418
127777672
85914102
221944941
183158466
194221994
207745133
54944821
34800459
107766156
102234469
70550817
66651768
183765744
68973815
51738219
170616580
74904530
5010825
72963542
144128657
62560317
155027314
90364429
131601128
168520668
230966450
193846717
127189343
29218337
212585451
138548887
91601245
62289102
150485525
74863804
70261108
186271086
156367422
51253182
206447102
233752394
26212327
4073658
212812482
30330777
145945297
55059957
146144055
39180107
84121948
128055558
204028000
72148000
55495385
208448395
19106655
206680902
119582401
142022063
29123907
114960294
232073297
176987924
216413310
245514228
92340697
182724046
118964490
144158792
231109796
142729854
244059117
209529930
52480219
67351495
39120845
46508827
190125510
806674
105301379
28872705
87255827
224105568
35656020
171797788
218966217
24037637
53013941
166667600
42737409
141455581
101671046
229283503
229312084
42817188
15944195
118329037
210541584
192804130
52146228
92083209
240059604
57501536
200902339
172889417
136410772
77395781
75584216
129049138
229891040
61212817
192239699
85593719
211067928
920305
243528797
98383048
20233459
172714165
244162871
17754339
248251249
53479679
98045774
214849076
248822197
127976822
127902888
164685333
213098677
213208955
167242006
49862513
243788469
156366722
17575804
33070787
250080867
48045019
165406228
187128355
175575415
160319965
85559034
61627924
241505041
191179353
80278353
135591394
51148511
67981782
173161171
92682500
117263707
236011714
160475862
54408012
11196424
154483603
68312252
142765988
181597907
26198299
60914827
116681923
164816786
233326213
226011556
25119830
171277758
7173615
195262803
67315648
62417412
26311034
249778901
90045789
14807619
85208257
19843552
13596052
87219938
9745450
239387058
77664749
134920353
220370389
239461762
37630720
122322901
182212409
159585686
104792668
88805214
197152607
148948472
161346396
76808964
209374593
135179248
65344063
113256424
221442187
192901661
166798199
183113267
6910443
47700654
63188385
163984297
116943912
88718134
228257996
181453742
31715594
10168418
26689419
248791117
107304128
241205322
23017695
202137496
158322340
37858619
20642938
34907804
184341438
4234140
53052525
200352685
18691555
122306969
15695128
121655577
142722777
200850987
114788150
122660672
126108795
97162094
146933102
202344577
77603737
107198281
216662587
141102746
173919803
208787685
186922128
100132866
234433487
139042751
28055301
60195871
43884926
226031478
96164517
192713291
241930739
45570491
156788920
164022748
44804705
63349861
109494743
120736883
45680076
170831662
228429265
58426838
108914100
52260762
107384999
225136080
25891608
84498170
150724624
50150199
133305117
131861402
232745654
91438523
177040599
188846190
59194311
76656637
224066984
227689183
171685340
144752994
133119764
189308253
160708157
86757910
164676184
133267989
229516624
51002526
73517179
187742507
98805617
176372211
125299322
12150958
31433774
192574313
174963314
226768326
189633662
249547691
218607187
104430488
242583580
158439576
125921881
184525412
221727752
31584015
88263218
252243636
120786548
68969832
67116582
33609346
130654581
30772869
116501715
109743418
44011486
139732594
228765713
198045534
40483150
64958993
107252314
150442097
201538849
219950018
81942491
156838802
4212979
188467413
129124213
86256836
71564669
8434819
81057971
52070005
215797030
195529657
10645608
22612283
143009847
93692320
157741697
40303796
134047201
197111692
79701938
58186472
39869768
243214175
37697185
146259947
71529746
171504789
81349024
180338502
226615733
47234216
84211905
187596305
144059252
166026197
139237652
233412012
190927178
224784792
57728651
223108537
78971173
207622052
173243533
39558975
114020677